##TITLE= 
##JCAMPDX= 5.0
##DATATYPE= 
##ORIGIN= Bruker BioSpin GmbH
##OWNER= 
##$SHAPE_PARAMETERS= 
##MINX= 0.00000000
##MAXX= 100.00000000
##MINY= 0.00000000
##MAXY= 359.99998300
##$SHAPE_EXMODE= Adiabatic
##$SHAPE_TOTROT= 180.00000000
##$SHAPE_TYPE= Inversion
##$SHAPE_USER_DEF= 
##$SHAPE_REPHFAC= 
##$SHAPE_BWFAC= 5.28600000
##$SHAPE_BWFAC50= 
##$SHAPE_INTEGFAC= 0.25979330
##$SHAPE_MODE= 0
##NPOINTS= 8000
##XYPOINTS= (XY..XY)
0.000000, 171.822813
0.250062, 176.280839
0.500121, 180.654828
0.750173, 184.947890
1.000217, 189.162963
1.250247, 193.302830
1.500263, 197.370124
1.750259, 201.367347
2.000233, 205.296871
2.250183, 209.160948
2.500104, 212.961723
2.749994, 216.701236
2.999850, 220.381428
3.249668, 224.004151
3.499446, 227.571172
3.749180, 231.084176
3.998867, 234.544775
4.248504, 237.954507
4.498088, 241.314845
4.747616, 244.627199
4.997085, 247.892920
5.246491, 251.113301
5.495832, 254.289582
5.745105, 257.422955
5.994305, 260.514562
6.243431, 263.565502
6.492480, 266.576828
6.741447, 269.549557
6.990331, 272.484664
7.239128, 275.383088
7.487834, 278.245735
7.736447, 281.073476
7.984965, 283.867151
8.233383, 286.627570
8.481698, 289.355515
8.729909, 292.051741
8.978011, 294.716975
9.226002, 297.351922
9.473878, 299.957261
9.721637, 302.533649
9.969275, 305.081722
10.216790, 307.602096
10.464179, 310.095364
10.711438, 312.562103
10.958565, 315.002871
11.205556, 317.418208
11.452409, 319.808638
11.699121, 322.174669
11.945688, 324.516794
12.192108, 326.835489
12.438378, 329.131218
12.684494, 331.404432
12.930455, 333.655566
13.176256, 335.885044
13.421896, 338.093280
13.667371, 340.280673
13.912678, 342.447612
14.157814, 344.594476
14.402777, 346.721632
14.647564, 348.829439
14.892171, 350.918245
15.136596, 352.988388
15.380837, 355.040198
15.624889, 357.073998
15.868751, 359.090099
16.112419, 1.088806
16.355891, 3.070417
16.599164, 5.035221
16.842235, 6.983499
17.085102, 8.915527
17.327761, 10.831574
17.570209, 12.731900
17.812445, 14.616762
18.054465, 16.486408
18.296267, 18.341082
18.537848, 20.181020
18.779204, 22.006455
19.020334, 23.817612
19.261235, 25.614714
19.501904, 27.397975
19.742338, 29.167608
19.982535, 30.923817
20.222492, 32.666805
20.462207, 34.396769
20.701676, 36.113902
20.940898, 37.818391
21.179869, 39.510422
21.418587, 41.190174
21.657050, 42.857824
21.895254, 44.513544
22.133198, 46.157504
22.370878, 47.789869
22.608293, 49.410801
22.845439, 51.020458
23.082315, 52.618996
23.318917, 54.206567
23.555244, 55.783320
23.791292, 57.349400
24.027059, 58.904951
24.262544, 60.450114
24.497743, 61.985024
24.732654, 63.509818
24.967274, 65.024626
25.201602, 66.529580
25.435634, 68.024804
25.669369, 69.510425
25.902805, 70.986564
26.135937, 72.453341
26.368766, 73.910873
26.601287, 75.359277
26.833500, 76.798665
27.065401, 78.229147
27.296988, 79.650835
27.528260, 81.063833
27.759213, 82.468248
27.989846, 83.864183
28.220156, 85.251740
28.450141, 86.631017
28.679799, 88.002112
28.909129, 89.365122
29.138126, 90.720141
29.366791, 92.067262
29.595119, 93.406576
29.823111, 94.738172
30.050762, 96.062139
30.278071, 97.378562
30.505037, 98.687528
30.731656, 99.989120
30.957927, 101.283420
31.183849, 102.570508
31.409418, 103.850465
31.634633, 105.123368
31.859492, 106.389295
32.083994, 107.648321
32.308135, 108.900521
32.531914, 110.145968
32.755330, 111.384733
32.978379, 112.616889
33.201062, 113.842504
33.423375, 115.061647
33.645316, 116.274387
33.866884, 117.480789
34.088078, 118.680919
34.308895, 119.874842
34.529333, 121.062621
34.749390, 122.244319
34.969066, 123.419997
35.188358, 124.589716
35.407264, 125.753536
35.625783, 126.911515
35.843913, 128.063712
36.061652, 129.210184
36.278999, 130.350986
36.495952, 131.486175
36.712509, 132.615805
36.928669, 133.739930
37.144430, 134.858603
37.359791, 135.971876
37.574749, 137.079800
37.789304, 138.182428
38.003454, 139.279808
38.217198, 140.371990
38.430533, 141.459022
38.643459, 142.540954
38.855973, 143.617831
39.068075, 144.689702
39.279763, 145.756611
39.491035, 146.818604
39.701891, 147.875726
39.912328, 148.928021
40.122346, 149.975533
40.331942, 151.018305
40.541117, 152.056378
40.749867, 153.089795
40.958193, 154.118598
41.166092, 155.142826
41.373564, 156.162521
41.580607, 157.177721
41.787220, 158.188466
41.993401, 159.194794
42.199150, 160.196744
42.404465, 161.194353
42.609345, 162.187659
42.813789, 163.176698
43.017796, 164.161506
43.221364, 165.142119
43.424493, 166.118572
43.627181, 167.090900
43.829427, 168.059138
44.031231, 169.023319
44.232590, 169.983478
44.433505, 170.939647
44.633973, 171.891858
44.833995, 172.840145
45.033569, 173.784540
45.232693, 174.725073
45.431368, 175.661775
45.629592, 176.594679
45.827364, 177.523814
46.024683, 178.449210
46.221548, 179.370897
46.417959, 180.288904
46.613915, 181.203260
46.809414, 182.113994
47.004456, 183.021134
47.199040, 183.924709
47.393165, 184.824745
47.586831, 185.721270
47.780037, 186.614312
47.972781, 187.503896
48.165063, 188.390049
48.356883, 189.272798
48.548239, 190.152168
48.739132, 191.028185
48.929559, 191.900873
49.119521, 192.770258
49.309018, 193.636365
49.498047, 194.499217
49.686609, 195.358840
49.874703, 196.215256
50.062328, 197.068489
50.249485, 197.918563
50.436171, 198.765500
50.622387, 199.609324
50.808133, 200.450057
50.993407, 201.287722
51.178209, 202.122340
51.362538, 202.953932
51.546395, 203.782522
51.729778, 204.608130
51.912688, 205.430778
52.095123, 206.250485
52.277084, 207.067274
52.458569, 207.881163
52.639579, 208.692175
52.820113, 209.500328
53.000171, 210.305643
53.179752, 211.108138
53.358856, 211.907835
53.537483, 212.704751
53.715632, 213.498906
53.893303, 214.290318
54.070496, 215.079007
54.247211, 215.864991
54.423447, 216.648287
54.599203, 217.428915
54.774481, 218.206891
54.949278, 218.982234
55.123597, 219.754962
55.297435, 220.525090
55.470793, 221.292638
55.643671, 222.057621
55.816068, 222.820057
55.987985, 223.579962
56.159421, 224.337353
56.330377, 225.092246
56.500851, 225.844657
56.670845, 226.594603
56.840357, 227.342099
57.009388, 228.087161
57.177938, 228.829804
57.346006, 229.570044
57.513593, 230.307897
57.680699, 231.043377
57.847324, 231.776499
58.013467, 232.507278
58.179129, 233.235730
58.344309, 233.961868
58.509008, 234.685706
58.673226, 235.407260
58.836963, 236.126544
59.000218, 236.843570
59.162993, 237.558354
59.325287, 238.270909
59.487100, 238.981249
59.648432, 239.689386
59.809283, 240.395336
59.969655, 241.099110
60.129546, 241.800722
60.288956, 242.500186
60.447887, 243.197513
60.606338, 243.892717
60.764310, 244.585810
60.921802, 245.276806
61.078815, 245.965716
61.235350, 246.652552
61.391405, 247.337328
61.546982, 248.020055
61.702081, 248.700745
61.856703, 249.379410
62.010846, 250.056061
62.164512, 250.730712
62.317702, 251.403373
62.470414, 252.074055
62.622650, 252.742770
62.774410, 253.409530
62.925695, 254.074345
63.076504, 254.737227
63.226838, 255.398187
63.376697, 256.057235
63.526083, 256.714383
63.674994, 257.369641
63.823432, 258.023020
63.971397, 258.674530
64.118889, 259.324181
64.265909, 259.971985
64.412457, 260.617952
64.558534, 261.262091
64.704140, 261.904413
64.849276, 262.544927
64.993941, 263.183645
65.138137, 263.820575
65.281864, 264.455727
65.425123, 265.089112
65.567914, 265.720738
65.710237, 266.350615
65.852093, 266.978754
65.993483, 267.605162
66.134407, 268.229849
66.274866, 268.852826
66.414859, 269.474100
66.554389, 270.093681
66.693455, 270.711578
66.832058, 271.327800
66.970198, 271.942355
67.107877, 272.555253
67.245094, 273.166503
67.381850, 273.776112
67.518146, 274.384090
67.653983, 274.990444
67.789361, 275.595185
67.924281, 276.198319
68.058744, 276.799855
68.192749, 277.399802
68.326298, 277.998167
68.459392, 278.594959
68.592030, 279.190186
68.724215, 279.783856
68.855946, 280.375977
68.987224, 280.966556
69.118050, 281.555602
69.248424, 282.143123
69.378348, 282.729125
69.507821, 283.313616
69.636846, 283.896605
69.765422, 284.478099
69.893549, 285.058105
70.021230, 285.636631
70.148465, 286.213683
70.275254, 286.789270
70.401598, 287.363398
70.527498, 287.936075
70.652954, 288.507308
70.777969, 289.077104
70.902541, 289.645470
71.026673, 290.212413
71.150364, 290.777940
71.273616, 291.342057
71.396429, 291.904773
71.518805, 292.466092
71.640744, 293.026023
71.762246, 293.584572
71.883314, 294.141745
72.003946, 294.697549
72.124146, 295.251991
72.243912, 295.805077
72.363247, 296.356814
72.482150, 296.907207
72.600623, 297.456264
72.718667, 298.003990
72.836282, 298.550392
72.953470, 299.095476
73.070230, 299.639249
73.186565, 300.181716
73.302475, 300.722883
73.417961, 301.262757
73.533023, 301.801343
73.647663, 302.338648
73.761882, 302.874677
73.875680, 303.409437
73.989058, 303.942933
74.102018, 304.475170
74.214559, 305.006155
74.326684, 305.535894
74.438393, 306.064392
74.549686, 306.591654
74.660566, 307.117687
74.771032, 307.642495
74.881086, 308.166085
74.990728, 308.688462
75.099960, 309.209631
75.208783, 309.729598
75.317197, 310.248368
75.425203, 310.765946
75.532803, 311.282338
75.639997, 311.797550
75.746787, 312.311585
75.853172, 312.824450
75.959155, 313.336149
76.064736, 313.846688
76.169916, 314.356072
76.274696, 314.864306
76.379077, 315.371394
76.483060, 315.877343
76.586646, 316.382156
76.689836, 316.885839
76.792631, 317.388397
76.895032, 317.889834
76.997040, 318.390156
77.098656, 318.889367
77.199881, 319.387471
77.300716, 319.884475
77.401162, 320.380382
77.501220, 320.875196
77.600890, 321.368924
77.700175, 321.861569
77.799074, 322.353135
77.897590, 322.843628
77.995722, 323.333052
78.093472, 323.821412
78.190842, 324.308711
78.287831, 324.794955
78.384441, 325.280148
78.480673, 325.764294
78.576529, 326.247397
78.672008, 326.729462
78.767112, 327.210494
78.861843, 327.690495
78.956201, 328.169472
79.050186, 328.647427
79.143801, 329.124366
79.237046, 329.600292
79.329923, 330.075209
79.422431, 330.549122
79.514573, 331.022034
79.606349, 331.493950
79.697761, 331.964874
79.788808, 332.434810
79.879494, 332.903761
79.969817, 333.371732
80.059781, 333.838727
80.149384, 334.304749
80.238629, 334.769803
80.327517, 335.233892
80.416049, 335.697021
80.504225, 336.159192
80.592046, 336.620410
80.679515, 337.080679
80.766631, 337.540002
80.853396, 337.998384
80.939811, 338.455827
81.025877, 338.912336
81.111595, 339.367914
81.196966, 339.822564
81.281990, 340.276291
81.366670, 340.729099
81.451006, 341.180989
81.534999, 341.631967
81.618651, 342.082036
81.701961, 342.531199
81.784932, 342.979460
81.867564, 343.426822
81.949859, 343.873289
82.031817, 344.318863
82.113439, 344.763550
82.194727, 345.207351
82.275681, 345.650271
82.356303, 346.092312
82.436594, 346.533478
82.516554, 346.973773
82.596185, 347.413199
82.675488, 347.851760
82.754463, 348.289460
82.833112, 348.726301
82.911437, 349.162286
82.989437, 349.597419
83.067114, 350.031704
83.144468, 350.465142
83.221502, 350.897738
83.298216, 351.329494
83.374611, 351.760414
83.450688, 352.190501
83.526449, 352.619758
83.601893, 353.048187
83.677023, 353.475792
83.751839, 353.902577
83.826342, 354.328543
83.900534, 354.753694
83.974414, 355.178033
84.047986, 355.601563
84.121248, 356.024287
84.194203, 356.446208
84.266852, 356.867328
84.339195, 357.287651
84.411233, 357.707179
84.482968, 358.125916
84.554401, 358.543864
84.625532, 358.961025
84.696363, 359.377404
84.766894, 359.793002
84.837127, 0.207823
84.907062, 0.621869
84.976702, 1.035143
85.046045, 1.447648
85.115095, 1.859386
85.183851, 2.270360
85.252315, 2.680573
85.320488, 3.090028
85.388370, 3.498727
85.455963, 3.906673
85.523268, 4.313868
85.590286, 4.720315
85.657017, 5.126018
85.723463, 5.530977
85.789625, 5.935196
85.855504, 6.338678
85.921100, 6.741425
85.986415, 7.143440
86.051450, 7.544725
86.116205, 7.945282
86.180682, 8.345115
86.244882, 8.744225
86.308806, 9.142616
86.372454, 9.540289
86.435828, 9.937247
86.498928, 10.333492
86.561756, 10.729028
86.624313, 11.123856
86.686599, 11.517979
86.748616, 11.911398
86.810364, 12.304118
86.871845, 12.696139
86.933059, 13.087464
86.994008, 13.478096
87.054692, 13.868037
87.115113, 14.257290
87.175271, 14.645855
87.235167, 15.033737
87.294802, 15.420937
87.354178, 15.807457
87.413294, 16.193299
87.472153, 16.578467
87.530755, 16.962962
87.589101, 17.346786
87.647192, 17.729941
87.705029, 18.112431
87.762613, 18.494256
87.819944, 18.875420
87.877025, 19.255924
87.933854, 19.635770
87.990435, 20.014961
88.046767, 20.393499
88.102852, 20.771385
88.158690, 21.148623
88.214282, 21.525213
88.269630, 21.901159
88.324734, 22.276463
88.379595, 22.651125
88.434214, 23.025149
88.488592, 23.398537
88.542730, 23.771290
88.596628, 24.143410
88.650289, 24.514900
88.703712, 24.885762
88.756898, 25.255997
88.809849, 25.625608
88.862566, 25.994597
88.915048, 26.362965
88.967298, 26.730715
89.019315, 27.097848
89.071102, 27.464366
89.122659, 27.830272
89.173986, 28.195567
89.225084, 28.560254
89.275956, 28.924333
89.326600, 29.287808
89.377019, 29.650679
89.427213, 30.012950
89.477183, 30.374621
89.526930, 30.735694
89.576455, 31.096172
89.625758, 31.456056
89.674841, 31.815348
89.723704, 32.174051
89.772348, 32.532164
89.820775, 32.889692
89.868984, 33.246635
89.916977, 33.602994
89.964755, 33.958773
90.012319, 34.313973
90.059668, 34.668595
90.106805, 35.022641
90.153730, 35.376113
90.200444, 35.729013
90.246948, 36.081343
90.293242, 36.433103
90.339328, 36.784297
90.385206, 37.134925
90.430877, 37.484990
90.476342, 37.834492
90.521601, 38.183434
90.566656, 38.531818
90.611508, 38.879645
90.656157, 39.226916
90.700604, 39.573634
90.744849, 39.919800
90.788895, 40.265416
90.832740, 40.610483
90.876387, 40.955003
90.919837, 41.298978
90.963089, 41.642409
91.006144, 41.985297
91.049004, 42.327645
91.091670, 42.669454
91.134141, 43.010726
91.176420, 43.351462
91.218506, 43.691664
91.260400, 44.031332
91.302104, 44.370470
91.343617, 44.709078
91.384942, 45.047158
91.426078, 45.384712
91.467026, 45.721740
91.507788, 46.058246
91.548363, 46.394229
91.588753, 46.729691
91.628959, 47.064635
91.668980, 47.399062
91.708819, 47.732972
91.748475, 48.066368
91.787950, 48.399251
91.827243, 48.731622
91.866357, 49.063483
91.905292, 49.394836
91.944048, 49.725682
91.982626, 50.056022
92.021027, 50.385857
92.059252, 50.715190
92.097301, 51.044021
92.135176, 51.372353
92.172876, 51.700185
92.210403, 52.027521
92.247757, 52.354361
92.284939, 52.680706
92.321950, 53.006558
92.358791, 53.331919
92.395461, 53.656790
92.431963, 53.981171
92.468297, 54.305065
92.504462, 54.628473
92.540461, 54.951396
92.576294, 55.273836
92.611961, 55.595794
92.647463, 55.917271
92.682801, 56.238268
92.717976, 56.558787
92.752988, 56.878830
92.787837, 57.198397
92.822526, 57.517490
92.857054, 57.836110
92.891422, 58.154258
92.925630, 58.471936
92.959681, 58.789145
92.993573, 59.105886
93.027307, 59.422161
93.060886, 59.737971
93.094308, 60.053317
93.127575, 60.368200
93.160688, 60.682621
93.193646, 60.996583
93.226451, 61.310086
93.259104, 61.623131
93.291605, 61.935719
93.323954, 62.247852
93.356153, 62.559532
93.388202, 62.870758
93.420102, 63.181533
93.451852, 63.491858
93.483455, 63.801733
93.514911, 64.111161
93.546219, 64.420141
93.577382, 64.728676
93.608399, 65.036767
93.639271, 65.344415
93.669999, 65.651620
93.700583, 65.958385
93.731024, 66.264710
93.761323, 66.570596
93.791480, 66.876045
93.821496, 67.181058
93.851372, 67.485635
93.881107, 67.789779
93.910704, 68.093490
93.940161, 68.396769
93.969481, 68.699618
93.998663, 69.002037
94.027708, 69.304027
94.056617, 69.605591
94.085390, 69.906728
94.114029, 70.207441
94.142532, 70.507729
94.170902, 70.807595
94.199139, 71.107039
94.227243, 71.406063
94.255214, 71.704666
94.283054, 72.002852
94.310764, 72.300620
94.338342, 72.597971
94.365791, 72.894908
94.393111, 73.191430
94.420302, 73.487539
94.447365, 73.783236
94.474301, 74.078522
94.501109, 74.373398
94.527791, 74.667864
94.554348, 74.961923
94.580779, 75.255576
94.607085, 75.548822
94.633267, 75.841663
94.659325, 76.134101
94.685261, 76.426136
94.711073, 76.717769
94.736764, 77.009001
94.762334, 77.299833
94.787782, 77.590267
94.813110, 77.880303
94.838319, 78.169942
94.863408, 78.459185
94.888378, 78.748034
94.913230, 79.036488
94.937965, 79.324550
94.962582, 79.612220
94.987082, 79.899499
95.011467, 80.186388
95.035736, 80.472888
95.059890, 80.759000
95.083929, 81.044725
95.107854, 81.330064
95.131666, 81.615018
95.155365, 81.899587
95.178951, 82.183773
95.202425, 82.467577
95.225787, 82.750999
95.249039, 83.034041
95.272180, 83.316704
95.295211, 83.598987
95.318133, 83.880893
95.340946, 84.162423
95.363650, 84.443576
95.386246, 84.724354
95.408734, 85.004759
95.431116, 85.284790
95.453391, 85.564449
95.475560, 85.843736
95.497623, 86.122653
95.519581, 86.401201
95.541435, 86.679380
95.563184, 86.957190
95.584829, 87.234634
95.606372, 87.511712
95.627811, 87.788425
95.649149, 88.064774
95.670384, 88.340758
95.691518, 88.616381
95.712552, 88.891641
95.733484, 89.166541
95.754317, 89.441081
95.775050, 89.715261
95.795685, 89.989084
95.816220, 90.262548
95.836658, 90.535657
95.856997, 90.808409
95.877240, 91.080806
95.897385, 91.352849
95.917435, 91.624539
95.937388, 91.895877
95.957246, 92.166863
95.977008, 92.437497
95.996676, 92.707782
96.016250, 92.977718
96.035730, 93.247305
96.055117, 93.516545
96.074411, 93.785438
96.093612, 94.053985
96.112721, 94.322187
96.131739, 94.590044
96.150665, 94.857558
96.169501, 95.124729
96.188246, 95.391558
96.206902, 95.658046
96.225467, 95.924193
96.243944, 96.190001
96.262332, 96.455470
96.280631, 96.720601
96.298843, 96.985394
96.316967, 97.249851
96.335004, 97.513972
96.352955, 97.777758
96.370819, 98.041210
96.388597, 98.304328
96.406290, 98.567113
96.423897, 98.829567
96.441420, 99.091689
96.458859, 99.353480
96.476213, 99.614942
96.493485, 99.876075
96.510673, 100.136880
96.527778, 100.397357
96.544801, 100.657507
96.561742, 100.917331
96.578601, 101.176830
96.595379, 101.436004
96.612076, 101.694854
96.628693, 101.953381
96.645229, 102.211585
96.661686, 102.469468
96.678063, 102.727030
96.694362, 102.984271
96.710582, 103.241193
96.726723, 103.497796
96.742787, 103.754081
96.758773, 104.010048
96.774682, 104.265698
96.790514, 104.521032
96.806270, 104.776051
96.821949, 105.030755
96.837553, 105.285146
96.853082, 105.539222
96.868535, 105.792986
96.883914, 106.046439
96.899218, 106.299579
96.914449, 106.552410
96.929605, 106.804930
96.944689, 107.057141
96.959699, 107.309043
96.974637, 107.560638
96.989503, 107.811925
97.004297, 108.062906
97.019019, 108.313580
97.033670, 108.563950
97.048250, 108.814015
97.062759, 109.063776
97.077198, 109.313233
97.091567, 109.562388
97.105867, 109.811241
97.120097, 110.059793
97.134258, 110.308043
97.148351, 110.555994
97.162375, 110.803646
97.176332, 111.050998
97.190220, 111.298052
97.204042, 111.544809
97.217796, 111.791269
97.231484, 112.037433
97.245105, 112.283301
97.258660, 112.528874
97.272149, 112.774153
97.285573, 113.019138
97.298932, 113.263830
97.312226, 113.508229
97.325455, 113.752336
97.338620, 113.996152
97.351722, 114.239678
97.364759, 114.482913
97.377733, 114.725859
97.390645, 114.968516
97.403493, 115.210884
97.416279, 115.452965
97.429003, 115.694759
97.441665, 115.936267
97.454265, 116.177488
97.466805, 116.418425
97.479283, 116.659076
97.491700, 116.899444
97.504058, 117.139528
97.516355, 117.379329
97.528592, 117.618848
97.540770, 117.858085
97.552888, 118.097041
97.564947, 118.335716
97.576948, 118.574112
97.588890, 118.812227
97.600775, 119.050064
97.612601, 119.287623
97.624370, 119.524904
97.636081, 119.761908
97.647735, 119.998635
97.659333, 120.235086
97.670874, 120.471262
97.682359, 120.707163
97.693788, 120.942789
97.705161, 121.178142
97.716478, 121.413221
97.727741, 121.648028
97.738949, 121.882562
97.750102, 122.116825
97.761200, 122.350817
97.772245, 122.584538
97.783235, 122.817990
97.794172, 123.051172
97.805056, 123.284085
97.815886, 123.516730
97.826664, 123.749107
97.837389, 123.981216
97.848061, 124.213059
97.858682, 124.444636
97.869251, 124.675947
97.879768, 124.906994
97.890234, 125.137775
97.900648, 125.368292
97.911012, 125.598546
97.921325, 125.828537
97.931588, 126.058265
97.941801, 126.287731
97.951963, 126.516936
97.962076, 126.745880
97.972140, 126.974563
97.982154, 127.202987
97.992120, 127.431151
98.002037, 127.659056
98.011905, 127.886703
98.021725, 128.114092
98.031497, 128.341223
98.041221, 128.568097
98.050898, 128.794716
98.060527, 129.021078
98.070109, 129.247185
98.079645, 129.473037
98.089133, 129.698634
98.098576, 129.923978
98.107972, 130.149068
98.117322, 130.373905
98.126626, 130.598490
98.135885, 130.822823
98.145098, 131.046905
98.154266, 131.270735
98.163390, 131.494315
98.172468, 131.717645
98.181503, 131.940726
98.190493, 132.163557
98.199439, 132.386140
98.208341, 132.608475
98.217199, 132.830562
98.226014, 133.052402
98.234786, 133.273995
98.243515, 133.495342
98.252201, 133.716444
98.260845, 133.937300
98.269446, 134.157911
98.278005, 134.378278
98.286522, 134.598401
98.294997, 134.818281
98.303431, 135.037918
98.311823, 135.257312
98.320174, 135.476464
98.328485, 135.695375
98.336754, 135.914045
98.344983, 136.132474
98.353171, 136.350662
98.361320, 136.568611
98.369428, 136.786321
98.377497, 137.003792
98.385526, 137.221024
98.393515, 137.438018
98.401465, 137.654775
98.409377, 137.871295
98.417249, 138.087578
98.425083, 138.303625
98.432878, 138.519436
98.440635, 138.735012
98.448354, 138.950353
98.456035, 139.165459
98.463679, 139.380332
98.471284, 139.594970
98.478853, 139.809376
98.486384, 140.023549
98.493878, 140.237490
98.501336, 140.451199
98.508756, 140.664676
98.516141, 140.877922
98.523489, 141.090938
98.530800, 141.303724
98.538076, 141.516280
98.545317, 141.728606
98.552521, 141.940704
98.559690, 142.152573
98.566824, 142.364214
98.573923, 142.575628
98.580987, 142.786814
98.588016, 142.997773
98.595011, 143.208506
98.601971, 143.419013
98.608897, 143.629294
98.615788, 143.839350
98.622646, 144.049182
98.629471, 144.258789
98.636261, 144.468172
98.643018, 144.677331
98.649742, 144.886268
98.656433, 145.094981
98.663091, 145.303472
98.669716, 145.511741
98.676309, 145.719789
98.682869, 145.927616
98.689397, 146.135221
98.695892, 146.342607
98.702356, 146.549772
98.708788, 146.756718
98.715188, 146.963444
98.721557, 147.169952
98.727894, 147.376241
98.734200, 147.582312
98.740475, 147.788166
98.746719, 147.993802
98.752933, 148.199222
98.759115, 148.404425
98.765268, 148.609412
98.771390, 148.814183
98.777481, 149.018739
98.783543, 149.223079
98.789575, 149.427206
98.795577, 149.631118
98.801550, 149.834816
98.807493, 150.038300
98.813407, 150.241572
98.819291, 150.444631
98.825147, 150.647477
98.830974, 150.850112
98.836772, 151.052535
98.842541, 151.254747
98.848282, 151.456747
98.853995, 151.658538
98.859680, 151.860118
98.865336, 152.061488
98.870965, 152.262649
98.876566, 152.463601
98.882139, 152.664345
98.887685, 152.864880
98.893203, 153.065207
98.898694, 153.265326
98.904158, 153.465238
98.909595, 153.664944
98.915006, 153.864442
98.920389, 154.063735
98.925746, 154.262821
98.931077, 154.461703
98.936381, 154.660379
98.941659, 154.858850
98.946911, 155.057117
98.952137, 155.255180
98.957337, 155.453039
98.962512, 155.650695
98.967661, 155.848147
98.972785, 156.045397
98.977883, 156.242445
98.982956, 156.439291
98.988004, 156.635935
98.993028, 156.832378
98.998026, 157.028619
99.003000, 157.224660
99.007949, 157.420501
99.012873, 157.616142
99.017774, 157.811583
99.022650, 158.006825
99.027502, 158.201868
99.032330, 158.396712
99.037134, 158.591358
99.041915, 158.785807
99.046672, 158.980057
99.051405, 159.174110
99.056115, 159.367966
99.060802, 159.561626
99.065465, 159.755089
99.070106, 159.948357
99.074723, 160.141428
99.079318, 160.334305
99.083890, 160.526986
99.088440, 160.719473
99.092967, 160.911765
99.097471, 161.103863
99.101953, 161.295768
99.106414, 161.487479
99.110852, 161.678997
99.115268, 161.870322
99.119662, 162.061455
99.124035, 162.252396
99.128386, 162.443145
99.132715, 162.633702
99.137023, 162.824068
99.141310, 163.014244
99.145575, 163.204229
99.149820, 163.394023
99.154043, 163.583628
99.158246, 163.773043
99.162427, 163.962269
99.166588, 164.151306
99.170729, 164.340154
99.174849, 164.528813
99.178948, 164.717285
99.183028, 164.905569
99.187087, 165.093665
99.191126, 165.281574
99.195145, 165.469296
99.199144, 165.656832
99.203123, 165.844182
99.207083, 166.031345
99.211023, 166.218323
99.214944, 166.405116
99.218845, 166.591723
99.222727, 166.778146
99.226589, 166.964384
99.230433, 167.150438
99.234257, 167.336308
99.238063, 167.521994
99.241850, 167.707498
99.245618, 167.892818
99.249367, 168.077955
99.253098, 168.262911
99.256810, 168.447684
99.260504, 168.632275
99.264179, 168.816684
99.267837, 169.000913
99.271476, 169.184960
99.275097, 169.368827
99.278701, 169.552513
99.282286, 169.736019
99.285854, 169.919345
99.289404, 170.102492
99.292936, 170.285460
99.296451, 170.468248
99.299949, 170.650858
99.303429, 170.833290
99.306892, 171.015543
99.310338, 171.197618
99.313767, 171.379516
99.317178, 171.561237
99.320573, 171.742780
99.323951, 171.924147
99.327313, 172.105337
99.330657, 172.286351
99.333985, 172.467190
99.337297, 172.647852
99.340592, 172.828339
99.343871, 173.008651
99.347134, 173.188788
99.350380, 173.368751
99.353610, 173.548540
99.356825, 173.728154
99.360023, 173.907594
99.363206, 174.086862
99.366372, 174.265955
99.369523, 174.444876
99.372659, 174.623625
99.375779, 174.802201
99.378883, 174.980604
99.381972, 175.158836
99.385046, 175.336896
99.388104, 175.514785
99.391148, 175.692503
99.394176, 175.870050
99.397189, 176.047426
99.400187, 176.224632
99.403171, 176.401668
99.406139, 176.578534
99.409093, 176.755231
99.412032, 176.931758
99.414957, 177.108117
99.417867, 177.284306
99.420763, 177.460327
99.423644, 177.636180
99.426511, 177.811865
99.429364, 177.987382
99.432203, 178.162732
99.435027, 178.337914
99.437838, 178.512929
99.440635, 178.687778
99.443417, 178.862460
99.446186, 179.036976
99.448942, 179.211326
99.451683, 179.385510
99.454411, 179.559529
99.457126, 179.733382
99.459827, 179.907071
99.462514, 180.080595
99.465188, 180.253954
99.467849, 180.427149
99.470497, 180.600180
99.473132, 180.773047
99.475753, 180.945751
99.478362, 181.118291
99.480957, 181.290669
99.483540, 181.462883
99.486110, 181.634935
99.488667, 181.806825
99.491211, 181.978553
99.493743, 182.150119
99.496262, 182.321523
99.498769, 182.492766
99.501263, 182.663848
99.503745, 182.834769
99.506215, 183.005529
99.508672, 183.176129
99.511117, 183.346569
99.513550, 183.516848
99.515971, 183.686969
99.518380, 183.856929
99.520777, 184.026731
99.523162, 184.196373
99.525535, 184.365857
99.527897, 184.535182
99.530246, 184.704348
99.532584, 184.873357
99.534911, 185.042208
99.537226, 185.210901
99.539529, 185.379437
99.541821, 185.547816
99.544102, 185.716038
99.546371, 185.884103
99.548629, 186.052011
99.550875, 186.219764
99.553111, 186.387360
99.555335, 186.554801
99.557549, 186.722086
99.559751, 186.889215
99.561943, 187.056190
99.564123, 187.223009
99.566293, 187.389674
99.568452, 187.556185
99.570600, 187.722541
99.572738, 187.888743
99.574865, 188.054792
99.576981, 188.220687
99.579087, 188.386428
99.581183, 188.552016
99.583268, 188.717452
99.585342, 188.882735
99.587407, 189.047865
99.589461, 189.212843
99.591505, 189.377669
99.593539, 189.542343
99.595562, 189.706865
99.597576, 189.871237
99.599579, 190.035456
99.601573, 190.199525
99.603557, 190.363443
99.605531, 190.527211
99.607495, 190.690828
99.609449, 190.854295
99.611393, 191.017613
99.613328, 191.180780
99.615254, 191.343798
99.617169, 191.506667
99.619076, 191.669387
99.620972, 191.831957
99.622860, 191.994380
99.624738, 192.156653
99.626606, 192.318779
99.628466, 192.480756
99.630316, 192.642586
99.632156, 192.804268
99.633988, 192.965802
99.635811, 193.127190
99.637624, 193.288430
99.639429, 193.449523
99.641225, 193.610470
99.643011, 193.771271
99.644789, 193.931925
99.646558, 194.092433
99.648318, 194.252796
99.650069, 194.413013
99.651812, 194.573085
99.653546, 194.733011
99.655272, 194.892792
99.656988, 195.052429
99.658697, 195.211921
99.660396, 195.371269
99.662088, 195.530472
99.663771, 195.689531
99.665445, 195.848447
99.667111, 196.007219
99.668769, 196.165848
99.670419, 196.324333
99.672061, 196.482676
99.673694, 196.640875
99.675319, 196.798932
99.676936, 196.956847
99.678545, 197.114619
99.680147, 197.272249
99.681740, 197.429738
99.683325, 197.587084
99.684902, 197.744290
99.686472, 197.901354
99.688033, 198.058276
99.689587, 198.215059
99.691133, 198.371700
99.692672, 198.528201
99.694203, 198.684561
99.695726, 198.840781
99.697242, 198.996862
99.698750, 199.152803
99.700250, 199.308604
99.701744, 199.464265
99.703229, 199.619788
99.704708, 199.775171
99.706179, 199.930416
99.707642, 200.085522
99.709099, 200.240489
99.710548, 200.395319
99.711990, 200.550010
99.713424, 200.704563
99.714852, 200.858979
99.716273, 201.013257
99.717686, 201.167398
99.719092, 201.321401
99.720492, 201.475268
99.721884, 201.628997
99.723270, 201.782591
99.724649, 201.936047
99.726020, 202.089368
99.727385, 202.242552
99.728743, 202.395600
99.730095, 202.548513
99.731440, 202.701290
99.732778, 202.853932
99.734109, 203.006439
99.735434, 203.158810
99.736752, 203.311047
99.738063, 203.463149
99.739368, 203.615117
99.740667, 203.766950
99.741959, 203.918649
99.743245, 204.070214
99.744524, 204.221646
99.745797, 204.372943
99.747063, 204.524108
99.748324, 204.675139
99.749578, 204.826037
99.750825, 204.976802
99.752067, 205.127435
99.753302, 205.277934
99.754531, 205.428302
99.755754, 205.578537
99.756971, 205.728640
99.758182, 205.878611
99.759387, 206.028451
99.760586, 206.178159
99.761779, 206.327736
99.762966, 206.477181
99.764147, 206.626495
99.765323, 206.775679
99.766492, 206.924732
99.767656, 207.073654
99.768813, 207.222446
99.769965, 207.371108
99.771112, 207.519639
99.772252, 207.668041
99.773387, 207.816313
99.774516, 207.964456
99.775640, 208.112469
99.776758, 208.260353
99.777870, 208.408108
99.778977, 208.555734
99.780079, 208.703232
99.781175, 208.850601
99.782265, 208.997841
99.783350, 209.144953
99.784430, 209.291937
99.785504, 209.438794
99.786573, 209.585522
99.787637, 209.732123
99.788695, 209.878597
99.789748, 210.024943
99.790796, 210.171162
99.791838, 210.317255
99.792876, 210.463220
99.793908, 210.609059
99.794935, 210.754772
99.795957, 210.900358
99.796974, 211.045818
99.797986, 211.191152
99.798993, 211.336360
99.799994, 211.481443
99.800991, 211.626400
99.801983, 211.771232
99.802970, 211.915938
99.803952, 212.060520
99.804929, 212.204976
99.805901, 212.349308
99.806869, 212.493516
99.807831, 212.637598
99.808789, 212.781557
99.809742, 212.925392
99.810690, 213.069102
99.811634, 213.212689
99.812572, 213.356152
99.813507, 213.499492
99.814436, 213.642708
99.815361, 213.785801
99.816281, 213.928771
99.817197, 214.071618
99.818108, 214.214343
99.819015, 214.356945
99.819917, 214.499424
99.820814, 214.641781
99.821708, 214.784016
99.822596, 214.926129
99.823480, 215.068120
99.824360, 215.209990
99.825236, 215.351738
99.826107, 215.493364
99.826974, 215.634870
99.827836, 215.776254
99.828694, 215.917517
99.829548, 216.058660
99.830398, 216.199681
99.831243, 216.340583
99.832084, 216.481364
99.832921, 216.622024
99.833754, 216.762565
99.834583, 216.902986
99.835407, 217.043287
99.836228, 217.183468
99.837044, 217.323530
99.837856, 217.463473
99.838665, 217.603296
99.839469, 217.743000
99.840269, 217.882585
99.841065, 218.022052
99.841858, 218.161400
99.842646, 218.300629
99.843430, 218.439740
99.844211, 218.578733
99.844987, 218.717608
99.845760, 218.856365
99.846529, 218.995004
99.847294, 219.133526
99.848055, 219.271930
99.848813, 219.410216
99.849566, 219.548386
99.850316, 219.686438
99.851062, 219.824373
99.851805, 219.962192
99.852544, 220.099894
99.853279, 220.237479
99.854010, 220.374948
99.854738, 220.512301
99.855462, 220.649538
99.856183, 220.786658
99.856900, 220.923663
99.857613, 221.060552
99.858323, 221.197326
99.859029, 221.333984
99.859732, 221.470527
99.860431, 221.606955
99.861127, 221.743267
99.861819, 221.879465
99.862508, 222.015548
99.863194, 222.151517
99.863876, 222.287371
99.864554, 222.423110
99.865230, 222.558736
99.865901, 222.694247
99.866570, 222.829644
99.867235, 222.964928
99.867897, 223.100098
99.868556, 223.235154
99.869211, 223.370097
99.869863, 223.504926
99.870512, 223.639643
99.871157, 223.774246
99.871800, 223.908737
99.872439, 224.043114
99.873075, 224.177380
99.873708, 224.311532
99.874337, 224.445572
99.874964, 224.579500
99.875587, 224.713316
99.876207, 224.847020
99.876825, 224.980612
99.877439, 225.114093
99.878050, 225.247461
99.878658, 225.380719
99.879263, 225.513865
99.879865, 225.646899
99.880464, 225.779823
99.881060, 225.912636
99.881653, 226.045337
99.882243, 226.177928
99.882830, 226.310409
99.883414, 226.442779
99.883995, 226.575039
99.884574, 226.707188
99.885149, 226.839228
99.885722, 226.971157
99.886292, 227.102977
99.886859, 227.234687
99.887423, 227.366287
99.887984, 227.497778
99.888543, 227.629160
99.889098, 227.760433
99.889651, 227.891596
99.890202, 228.022650
99.890749, 228.153596
99.891294, 228.284433
99.891836, 228.415161
99.892375, 228.545781
99.892912, 228.676292
99.893446, 228.806695
99.893977, 228.936990
99.894506, 229.067178
99.895032, 229.197257
99.895555, 229.327228
99.896076, 229.457092
99.896594, 229.586849
99.897110, 229.716498
99.897623, 229.846039
99.898133, 229.975474
99.898641, 230.104802
99.899146, 230.234022
99.899649, 230.363136
99.900150, 230.492144
99.900648, 230.621044
99.901143, 230.749839
99.901636, 230.878527
99.902126, 231.007108
99.902614, 231.135584
99.903100, 231.263954
99.903583, 231.392218
99.904064, 231.520376
99.904542, 231.648428
99.905018, 231.776376
99.905492, 231.904217
99.905963, 232.031954
99.906432, 232.159585
99.906899, 232.287111
99.907363, 232.414533
99.907825, 232.541849
99.908284, 232.669061
99.908742, 232.796169
99.909197, 232.923172
99.909650, 233.050070
99.910100, 233.176865
99.910548, 233.303555
99.910994, 233.430141
99.911438, 233.556623
99.911880, 233.683002
99.912319, 233.809277
99.912757, 233.935448
99.913192, 234.061516
99.913625, 234.187481
99.914055, 234.313342
99.914484, 234.439101
99.914910, 234.564756
99.915335, 234.690309
99.915757, 234.815758
99.916177, 234.941105
99.916595, 235.066350
99.917011, 235.191492
99.917425, 235.316532
99.917836, 235.441469
99.918246, 235.566305
99.918654, 235.691038
99.919059, 235.815670
99.919463, 235.940200
99.919865, 236.064628
99.920264, 236.188955
99.920662, 236.313180
99.921058, 236.437304
99.921451, 236.561326
99.921843, 236.685248
99.922233, 236.809068
99.922621, 236.932788
99.923006, 237.056407
99.923390, 237.179925
99.923772, 237.303343
99.924153, 237.426660
99.924531, 237.549876
99.924907, 237.672993
99.925282, 237.796009
99.925654, 237.918925
99.926025, 238.041742
99.926394, 238.164458
99.926761, 238.287075
99.927126, 238.409592
99.927490, 238.532010
99.927851, 238.654328
99.928211, 238.776547
99.928569, 238.898667
99.928925, 239.020687
99.929280, 239.142609
99.929632, 239.264431
99.929983, 239.386155
99.930333, 239.507781
99.930680, 239.629307
99.931026, 239.750735
99.931370, 239.872065
99.931712, 239.993297
99.932052, 240.114430
99.932391, 240.235465
99.932728, 240.356402
99.933064, 240.477242
99.933398, 240.597984
99.933730, 240.718628
99.934060, 240.839174
99.934389, 240.959623
99.934716, 241.079975
99.935042, 241.200229
99.935366, 241.320386
99.935688, 241.440446
99.936009, 241.560410
99.936328, 241.680276
99.936646, 241.800046
99.936962, 241.919719
99.937276, 242.039295
99.937589, 242.158775
99.937900, 242.278158
99.938210, 242.397446
99.938518, 242.516637
99.938825, 242.635732
99.939130, 242.754731
99.939433, 242.873635
99.939735, 242.992442
99.940036, 243.111154
99.940335, 243.229770
99.940633, 243.348291
99.940929, 243.466716
99.941223, 243.585047
99.941516, 243.703282
99.941808, 243.821422
99.942098, 243.939466
99.942387, 244.057416
99.942674, 244.175272
99.942960, 244.293032
99.943245, 244.410698
99.943528, 244.528270
99.943810, 244.645747
99.944090, 244.763129
99.944369, 244.880418
99.944646, 244.997612
99.944922, 245.114713
99.945197, 245.231719
99.945470, 245.348631
99.945742, 245.465450
99.946013, 245.582175
99.946282, 245.698807
99.946550, 245.815345
99.946816, 245.931790
99.947082, 246.048142
99.947346, 246.164400
99.947608, 246.280565
99.947870, 246.396637
99.948130, 246.512617
99.948388, 246.628503
99.948646, 246.744297
99.948902, 246.859998
99.949157, 246.975607
99.949410, 247.091123
99.949663, 247.206547
99.949914, 247.321879
99.950163, 247.437118
99.950412, 247.552266
99.950659, 247.667321
99.950905, 247.782284
99.951150, 247.897156
99.951394, 248.011936
99.951636, 248.126625
99.951878, 248.241221
99.952118, 248.355727
99.952356, 248.470141
99.952594, 248.584464
99.952830, 248.698695
99.953066, 248.812836
99.953300, 248.926886
99.953533, 249.040844
99.953764, 249.154712
99.953995, 249.268489
99.954225, 249.382176
99.954453, 249.495772
99.954680, 249.609277
99.954906, 249.722693
99.955131, 249.836017
99.955355, 249.949252
99.955577, 250.062397
99.955799, 250.175451
99.956019, 250.288416
99.956239, 250.401291
99.956457, 250.514076
99.956674, 250.626771
99.956890, 250.739377
99.957105, 250.851894
99.957319, 250.964320
99.957532, 251.076658
99.957744, 251.188907
99.957955, 251.301066
99.958164, 251.413136
99.958373, 251.525117
99.958581, 251.637010
99.958787, 251.748813
99.958993, 251.860528
99.959197, 251.972154
99.959401, 252.083692
99.959603, 252.195141
99.959805, 252.306502
99.960005, 252.417774
99.960205, 252.528959
99.960403, 252.640055
99.960601, 252.751063
99.960797, 252.861983
99.960993, 252.972815
99.961188, 253.083560
99.961381, 253.194217
99.961574, 253.304786
99.961765, 253.415268
99.961956, 253.525662
99.962146, 253.635969
99.962335, 253.746189
99.962523, 253.856321
99.962709, 253.966366
99.962895, 254.076324
99.963081, 254.186196
99.963265, 254.295980
99.963448, 254.405678
99.963630, 254.515289
99.963812, 254.624813
99.963992, 254.734251
99.964172, 254.843602
99.964350, 254.952867
99.964528, 255.062046
99.964705, 255.171138
99.964881, 255.280144
99.965056, 255.389064
99.965231, 255.497899
99.965404, 255.606647
99.965577, 255.715309
99.965748, 255.823886
99.965919, 255.932377
99.966089, 256.040783
99.966258, 256.149103
99.966427, 256.257338
99.966594, 256.365487
99.966761, 256.473551
99.966927, 256.581530
99.967092, 256.689424
99.967256, 256.797232
99.967419, 256.904956
99.967582, 257.012595
99.967743, 257.120149
99.967904, 257.227619
99.968064, 257.335004
99.968224, 257.442304
99.968382, 257.549520
99.968540, 257.656651
99.968697, 257.763698
99.968853, 257.870661
99.969008, 257.977540
99.969163, 258.084335
99.969317, 258.191045
99.969470, 258.297672
99.969622, 258.404215
99.969773, 258.510674
99.969924, 258.617049
99.970074, 258.723341
99.970223, 258.829549
99.970372, 258.935674
99.970520, 259.041716
99.970667, 259.147674
99.970813, 259.253549
99.970959, 259.359340
99.971104, 259.465049
99.971248, 259.570675
99.971391, 259.676217
99.971534, 259.781677
99.971676, 259.887054
99.971817, 259.992348
99.971958, 260.097560
99.972098, 260.202689
99.972237, 260.307736
99.972375, 260.412700
99.972513, 260.517582
99.972650, 260.622382
99.972787, 260.727099
99.972922, 260.831734
99.973057, 260.936288
99.973192, 261.040759
99.973325, 261.145149
99.973459, 261.249456
99.973591, 261.353682
99.973723, 261.457826
99.973854, 261.561889
99.973984, 261.665870
99.974114, 261.769770
99.974243, 261.873588
99.974372, 261.977325
99.974499, 262.080981
99.974627, 262.184555
99.974753, 262.288049
99.974879, 262.391461
99.975004, 262.494793
99.975129, 262.598044
99.975253, 262.701213
99.975377, 262.804303
99.975499, 262.907311
99.975622, 263.010239
99.975743, 263.113086
99.975864, 263.215853
99.975985, 263.318540
99.976104, 263.421146
99.976224, 263.523672
99.976342, 263.626118
99.976460, 263.728484
99.976578, 263.830770
99.976694, 263.932976
99.976811, 264.035102
99.976926, 264.137148
99.977041, 264.239114
99.977156, 264.341001
99.977270, 264.442808
99.977383, 264.544536
99.977496, 264.646184
99.977608, 264.747753
99.977720, 264.849242
99.977831, 264.950653
99.977942, 265.051984
99.978052, 265.153236
99.978161, 265.254409
99.978270, 265.355503
99.978379, 265.456518
99.978486, 265.557454
99.978594, 265.658311
99.978701, 265.759090
99.978807, 265.859790
99.978913, 265.960412
99.979018, 266.060955
99.979122, 266.161420
99.979227, 266.261806
99.979330, 266.362114
99.979433, 266.462344
99.979536, 266.562495
99.979638, 266.662569
99.979740, 266.762565
99.979841, 266.862482
99.979941, 266.962322
99.980041, 267.062084
99.980141, 267.161768
99.980240, 267.261374
99.980338, 267.360903
99.980436, 267.460355
99.980534, 267.559728
99.980631, 267.659025
99.980728, 267.758244
99.980824, 267.857386
99.980920, 267.956450
99.981015, 268.055438
99.981109, 268.154348
99.981204, 268.253181
99.981297, 268.351937
99.981391, 268.450617
99.981484, 268.549220
99.981576, 268.647745
99.981668, 268.746195
99.981759, 268.844567
99.981850, 268.942863
99.981941, 269.041082
99.982031, 269.139226
99.982121, 269.237292
99.982210, 269.335283
99.982298, 269.433197
99.982387, 269.531035
99.982475, 269.628796
99.982562, 269.726482
99.982649, 269.824092
99.982736, 269.921626
99.982822, 270.019084
99.982907, 270.116466
99.982993, 270.213772
99.983078, 270.311003
99.983162, 270.408158
99.983246, 270.505238
99.983329, 270.602242
99.983413, 270.699171
99.983495, 270.796025
99.983578, 270.892803
99.983660, 270.989506
99.983741, 271.086133
99.983822, 271.182686
99.983903, 271.279164
99.983983, 271.375566
99.984063, 271.471894
99.984143, 271.568147
99.984222, 271.664325
99.984300, 271.760428
99.984379, 271.856457
99.984457, 271.952411
99.984534, 272.048290
99.984611, 272.144096
99.984688, 272.239826
99.984765, 272.335482
99.984841, 272.431064
99.984916, 272.526572
99.984991, 272.622006
99.985066, 272.717365
99.985141, 272.812651
99.985215, 272.907862
99.985289, 273.003000
99.985362, 273.098063
99.985435, 273.193053
99.985508, 273.287969
99.985580, 273.382811
99.985652, 273.477580
99.985724, 273.572275
99.985795, 273.666897
99.985866, 273.761445
99.985936, 273.855920
99.986006, 273.950321
99.986076, 274.044650
99.986146, 274.138905
99.986215, 274.233087
99.986283, 274.327195
99.986352, 274.421231
99.986420, 274.515194
99.986488, 274.609084
99.986555, 274.702901
99.986622, 274.796645
99.986689, 274.890316
99.986755, 274.983915
99.986821, 275.077441
99.986887, 275.170895
99.986952, 275.264276
99.987018, 275.357585
99.987082, 275.450821
99.987147, 275.543985
99.987211, 275.637076
99.987275, 275.730096
99.987338, 275.823043
99.987401, 275.915918
99.987464, 276.008722
99.987527, 276.101453
99.987589, 276.194112
99.987651, 276.286699
99.987712, 276.379215
99.987774, 276.471659
99.987835, 276.564031
99.987895, 276.656331
99.987956, 276.748560
99.988016, 276.840718
99.988076, 276.932804
99.988135, 277.024818
99.988194, 277.116761
99.988253, 277.208633
99.988312, 277.300434
99.988370, 277.392163
99.988428, 277.483821
99.988486, 277.575409
99.988543, 277.666925
99.988600, 277.758370
99.988657, 277.849744
99.988714, 277.941048
99.988770, 278.032281
99.988826, 278.123442
99.988882, 278.214534
99.988937, 278.305554
99.988993, 278.396504
99.989048, 278.487384
99.989102, 278.578193
99.989157, 278.668932
99.989211, 278.759600
99.989264, 278.850198
99.989318, 278.940726
99.989371, 279.031184
99.989424, 279.121571
99.989477, 279.211889
99.989530, 279.302136
99.989582, 279.392313
99.989634, 279.482421
99.989685, 279.572458
99.989737, 279.662426
99.989788, 279.752324
99.989839, 279.842153
99.989890, 279.931912
99.989940, 280.021601
99.989990, 280.111220
99.990040, 280.200770
99.990090, 280.290251
99.990139, 280.379662
99.990189, 280.469004
99.990238, 280.558277
99.990286, 280.647481
99.990335, 280.736615
99.990383, 280.825680
99.990431, 280.914677
99.990479, 281.003604
99.990526, 281.092462
99.990573, 281.181251
99.990620, 281.269972
99.990667, 281.358624
99.990714, 281.447207
99.990760, 281.535721
99.990806, 281.624166
99.990852, 281.712544
99.990898, 281.800852
99.990943, 281.889092
99.990988, 281.977264
99.991033, 282.065367
99.991078, 282.153402
99.991122, 282.241369
99.991167, 282.329267
99.991211, 282.417097
99.991255, 282.504860
99.991298, 282.592554
99.991342, 282.680180
99.991385, 282.767738
99.991428, 282.855228
99.991471, 282.942650
99.991513, 283.030005
99.991556, 283.117292
99.991598, 283.204511
99.991640, 283.291662
99.991681, 283.378746
99.991723, 283.465762
99.991764, 283.552711
99.991805, 283.639593
99.991846, 283.726406
99.991887, 283.813153
99.991927, 283.899832
99.991967, 283.986444
99.992008, 284.072989
99.992047, 284.159467
99.992087, 284.245877
99.992127, 284.332221
99.992166, 284.418497
99.992205, 284.504707
99.992244, 284.590850
99.992282, 284.676925
99.992321, 284.762934
99.992359, 284.848877
99.992397, 284.934752
99.992435, 285.020561
99.992473, 285.106303
99.992511, 285.191979
99.992548, 285.277588
99.992585, 285.363131
99.992622, 285.448607
99.992659, 285.534017
99.992696, 285.619361
99.992732, 285.704639
99.992768, 285.789850
99.992804, 285.874995
99.992840, 285.960074
99.992876, 286.045087
99.992911, 286.130034
99.992947, 286.214914
99.992982, 286.299729
99.993017, 286.384478
99.993052, 286.469162
99.993087, 286.553779
99.993121, 286.638331
99.993155, 286.722817
99.993189, 286.807237
99.993223, 286.891592
99.993257, 286.975882
99.993291, 287.060105
99.993324, 287.144264
99.993358, 287.228357
99.993391, 287.312384
99.993424, 287.396347
99.993457, 287.480244
99.993489, 287.564076
99.993522, 287.647842
99.993554, 287.731544
99.993586, 287.815180
99.993618, 287.898752
99.993650, 287.982258
99.993682, 288.065700
99.993713, 288.149077
99.993745, 288.232388
99.993776, 288.315636
99.993807, 288.398818
99.993838, 288.481936
99.993868, 288.564989
99.993899, 288.647977
99.993929, 288.730901
99.993960, 288.813760
99.993990, 288.896555
99.994020, 288.979286
99.994050, 289.061952
99.994079, 289.144553
99.994109, 289.227091
99.994138, 289.309564
99.994168, 289.391973
99.994197, 289.474318
99.994226, 289.556599
99.994254, 289.638816
99.994283, 289.720968
99.994312, 289.803057
99.994340, 289.885082
99.994368, 289.967043
99.994396, 290.048940
99.994424, 290.130774
99.994452, 290.212543
99.994480, 290.294249
99.994507, 290.375892
99.994535, 290.457470
99.994562, 290.538986
99.994589, 290.620437
99.994616, 290.701825
99.994643, 290.783150
99.994670, 290.864412
99.994696, 290.945610
99.994723, 291.026744
99.994749, 291.107816
99.994775, 291.188824
99.994801, 291.269770
99.994827, 291.350652
99.994853, 291.431471
99.994879, 291.512227
99.994904, 291.592919
99.994930, 291.673550
99.994955, 291.754117
99.994980, 291.834621
99.995005, 291.915062
99.995030, 291.995441
99.995055, 292.075757
99.995080, 292.156010
99.995104, 292.236201
99.995129, 292.316329
99.995153, 292.396395
99.995177, 292.476398
99.995201, 292.556338
99.995225, 292.636217
99.995249, 292.716032
99.995273, 292.795786
99.995296, 292.875477
99.995320, 292.955106
99.995343, 293.034673
99.995366, 293.114177
99.995389, 293.193620
99.995412, 293.273000
99.995435, 293.352318
99.995458, 293.431575
99.995481, 293.510769
99.995503, 293.589902
99.995526, 293.668972
99.995548, 293.747981
99.995570, 293.826928
99.995592, 293.905813
99.995614, 293.984637
99.995636, 294.063399
99.995658, 294.142099
99.995680, 294.220738
99.995701, 294.299315
99.995723, 294.377831
99.995744, 294.456285
99.995765, 294.534678
99.995786, 294.613010
99.995807, 294.691280
99.995828, 294.769489
99.995849, 294.847636
99.995870, 294.925723
99.995890, 295.003748
99.995911, 295.081713
99.995931, 295.159616
99.995951, 295.237458
99.995972, 295.315239
99.995992, 295.392959
99.996012, 295.470618
99.996032, 295.548217
99.996051, 295.625754
99.996071, 295.703231
99.996091, 295.780647
99.996110, 295.858002
99.996130, 295.935297
99.996149, 296.012531
99.996168, 296.089704
99.996187, 296.166817
99.996206, 296.243870
99.996225, 296.320861
99.996244, 296.397793
99.996263, 296.474664
99.996281, 296.551475
99.996300, 296.628225
99.996318, 296.704915
99.996337, 296.781545
99.996355, 296.858115
99.996373, 296.934625
99.996391, 297.011074
99.996409, 297.087464
99.996427, 297.163793
99.996445, 297.240063
99.996463, 297.316272
99.996481, 297.392422
99.996498, 297.468511
99.996516, 297.544541
99.996533, 297.620511
99.996550, 297.696422
99.996567, 297.772272
99.996585, 297.848063
99.996602, 297.923794
99.996619, 297.999466
99.996635, 298.075078
99.996652, 298.150631
99.996669, 298.226124
99.996686, 298.301558
99.996702, 298.376932
99.996718, 298.452247
99.996735, 298.527503
99.996751, 298.602699
99.996767, 298.677836
99.996783, 298.752914
99.996800, 298.827932
99.996816, 298.902892
99.996831, 298.977792
99.996847, 299.052634
99.996863, 299.127416
99.996879, 299.202140
99.996894, 299.276804
99.996910, 299.351410
99.996925, 299.425956
99.996940, 299.500444
99.996956, 299.574873
99.996971, 299.649243
99.996986, 299.723555
99.997001, 299.797808
99.997016, 299.872002
99.997031, 299.946138
99.997046, 300.020215
99.997060, 300.094233
99.997075, 300.168193
99.997090, 300.242095
99.997104, 300.315938
99.997119, 300.389723
99.997133, 300.463449
99.997147, 300.537118
99.997162, 300.610727
99.997176, 300.684279
99.997190, 300.757773
99.997204, 300.831208
99.997218, 300.904585
99.997232, 300.977904
99.997245, 301.051165
99.997259, 301.124368
99.997273, 301.197513
99.997286, 301.270600
99.997300, 301.343630
99.997313, 301.416601
99.997327, 301.489514
99.997340, 301.562370
99.997353, 301.635168
99.997367, 301.707908
99.997380, 301.780591
99.997393, 301.853216
99.997406, 301.925783
99.997419, 301.998293
99.997432, 302.070745
99.997445, 302.143139
99.997457, 302.215477
99.997470, 302.287756
99.997483, 302.359979
99.997495, 302.432144
99.997508, 302.504251
99.997520, 302.576302
99.997532, 302.648295
99.997545, 302.720231
99.997557, 302.792110
99.997569, 302.863931
99.997581, 302.935696
99.997593, 303.007403
99.997605, 303.079053
99.997617, 303.150647
99.997629, 303.222183
99.997641, 303.293662
99.997653, 303.365085
99.997665, 303.436450
99.997676, 303.507759
99.997688, 303.579011
99.997699, 303.650207
99.997711, 303.721345
99.997722, 303.792427
99.997734, 303.863452
99.997745, 303.934421
99.997756, 304.005333
99.997767, 304.076188
99.997778, 304.146987
99.997790, 304.217729
99.997801, 304.288415
99.997812, 304.359045
99.997822, 304.429618
99.997833, 304.500135
99.997844, 304.570595
99.997855, 304.640999
99.997866, 304.711347
99.997876, 304.781639
99.997887, 304.851875
99.997897, 304.922054
99.997908, 304.992177
99.997918, 305.062245
99.997929, 305.132256
99.997939, 305.202211
99.997949, 305.272110
99.997960, 305.341953
99.997970, 305.411741
99.997980, 305.481472
99.997990, 305.551148
99.998000, 305.620768
99.998010, 305.690332
99.998020, 305.759840
99.998030, 305.829293
99.998040, 305.898690
99.998049, 305.968031
99.998059, 306.037317
99.998069, 306.106547
99.998078, 306.175721
99.998088, 306.244841
99.998097, 306.313904
99.998107, 306.382912
99.998116, 306.451865
99.998126, 306.520762
99.998135, 306.589604
99.998144, 306.658391
99.998154, 306.727123
99.998163, 306.795799
99.998172, 306.864420
99.998181, 306.932986
99.998190, 307.001496
99.998199, 307.069952
99.998208, 307.138352
99.998217, 307.206698
99.998226, 307.274988
99.998235, 307.343224
99.998244, 307.411404
99.998253, 307.479530
99.998261, 307.547600
99.998270, 307.615616
99.998279, 307.683577
99.998287, 307.751483
99.998296, 307.819335
99.998304, 307.887132
99.998313, 307.954874
99.998321, 308.022561
99.998329, 308.090194
99.998338, 308.157772
99.998346, 308.225295
99.998354, 308.292764
99.998363, 308.360179
99.998371, 308.427539
99.998379, 308.494845
99.998387, 308.562096
99.998395, 308.629293
99.998403, 308.696435
99.998411, 308.763523
99.998419, 308.830557
99.998427, 308.897537
99.998435, 308.964462
99.998442, 309.031333
99.998450, 309.098150
99.998458, 309.164913
99.998466, 309.231622
99.998473, 309.298277
99.998481, 309.364878
99.998488, 309.431424
99.998496, 309.497917
99.998504, 309.564356
99.998511, 309.630741
99.998518, 309.697072
99.998526, 309.763349
99.998533, 309.829573
99.998540, 309.895742
99.998548, 309.961858
99.998555, 310.027920
99.998562, 310.093928
99.998569, 310.159883
99.998577, 310.225784
99.998584, 310.291632
99.998591, 310.357426
99.998598, 310.423166
99.998605, 310.488853
99.998612, 310.554486
99.998619, 310.620066
99.998625, 310.685593
99.998632, 310.751066
99.998639, 310.816486
99.998646, 310.881852
99.998653, 310.947165
99.998659, 311.012425
99.998666, 311.077632
99.998673, 311.142785
99.998679, 311.207885
99.998686, 311.272932
99.998693, 311.337926
99.998699, 311.402867
99.998706, 311.467755
99.998712, 311.532590
99.998718, 311.597372
99.998725, 311.662100
99.998731, 311.726776
99.998738, 311.791399
99.998744, 311.855969
99.998750, 311.920486
99.998756, 311.984951
99.998763, 312.049362
99.998769, 312.113721
99.998775, 312.178027
99.998781, 312.242280
99.998787, 312.306481
99.998793, 312.370629
99.998799, 312.434725
99.998805, 312.498767
99.998811, 312.562758
99.998817, 312.626695
99.998823, 312.690580
99.998829, 312.754413
99.998835, 312.818193
99.998840, 312.881921
99.998846, 312.945597
99.998852, 313.009220
99.998858, 313.072791
99.998863, 313.136309
99.998869, 313.199775
99.998875, 313.263189
99.998880, 313.326551
99.998886, 313.389860
99.998891, 313.453118
99.998897, 313.516323
99.998902, 313.579476
99.998908, 313.642577
99.998913, 313.705626
99.998919, 313.768623
99.998924, 313.831568
99.998930, 313.894461
99.998935, 313.957302
99.998940, 314.020091
99.998946, 314.082829
99.998951, 314.145514
99.998956, 314.208148
99.998961, 314.270729
99.998966, 314.333259
99.998972, 314.395738
99.998977, 314.458164
99.998982, 314.520539
99.998987, 314.582863
99.998992, 314.645134
99.998997, 314.707354
99.999002, 314.769523
99.999007, 314.831640
99.999012, 314.893705
99.999017, 314.955719
99.999022, 315.017681
99.999027, 315.079592
99.999031, 315.141452
99.999036, 315.203260
99.999041, 315.265017
99.999046, 315.326722
99.999051, 315.388377
99.999055, 315.449980
99.999060, 315.511531
99.999065, 315.573032
99.999069, 315.634481
99.999074, 315.695879
99.999079, 315.757226
99.999083, 315.818522
99.999088, 315.879767
99.999092, 315.940961
99.999097, 316.002104
99.999101, 316.063195
99.999106, 316.124236
99.999110, 316.185226
99.999115, 316.246165
99.999119, 316.307053
99.999124, 316.367890
99.999128, 316.428676
99.999132, 316.489412
99.999137, 316.550096
99.999141, 316.610730
99.999145, 316.671313
99.999150, 316.731846
99.999154, 316.792328
99.999158, 316.852759
99.999162, 316.913139
99.999166, 316.973469
99.999171, 317.033749
99.999175, 317.093977
99.999179, 317.154156
99.999183, 317.214283
99.999187, 317.274361
99.999191, 317.334388
99.999195, 317.394364
99.999199, 317.454290
99.999203, 317.514166
99.999207, 317.573991
99.999211, 317.633766
99.999215, 317.693491
99.999219, 317.753165
99.999223, 317.812790
99.999227, 317.872364
99.999231, 317.931887
99.999234, 317.991361
99.999238, 318.050785
99.999242, 318.110158
99.999246, 318.169481
99.999250, 318.228755
99.999253, 318.287978
99.999257, 318.347151
99.999261, 318.406274
99.999264, 318.465348
99.999268, 318.524371
99.999272, 318.583344
99.999275, 318.642268
99.999279, 318.701142
99.999283, 318.759966
99.999286, 318.818740
99.999290, 318.877464
99.999293, 318.936139
99.999297, 318.994764
99.999300, 319.053339
99.999304, 319.111864
99.999307, 319.170340
99.999311, 319.228766
99.999314, 319.287143
99.999318, 319.345470
99.999321, 319.403747
99.999324, 319.461975
99.999328, 319.520153
99.999331, 319.578282
99.999334, 319.636362
99.999338, 319.694392
99.999341, 319.752373
99.999344, 319.810304
99.999348, 319.868186
99.999351, 319.926018
99.999354, 319.983802
99.999357, 320.041536
99.999361, 320.099220
99.999364, 320.156856
99.999367, 320.214442
99.999370, 320.271979
99.999373, 320.329467
99.999376, 320.386906
99.999379, 320.444296
99.999383, 320.501636
99.999386, 320.558928
99.999389, 320.616170
99.999392, 320.673364
99.999395, 320.730508
99.999398, 320.787604
99.999401, 320.844651
99.999404, 320.901648
99.999407, 320.958597
99.999410, 321.015497
99.999413, 321.072348
99.999416, 321.129150
99.999418, 321.185904
99.999421, 321.242609
99.999424, 321.299265
99.999427, 321.355872
99.999430, 321.412430
99.999433, 321.468940
99.999436, 321.525401
99.999438, 321.581814
99.999441, 321.638178
99.999444, 321.694493
99.999447, 321.750760
99.999450, 321.806978
99.999452, 321.863148
99.999455, 321.919269
99.999458, 321.975342
99.999461, 322.031366
99.999463, 322.087342
99.999466, 322.143270
99.999469, 322.199149
99.999471, 322.254980
99.999474, 322.310762
99.999476, 322.366496
99.999479, 322.422182
99.999482, 322.477820
99.999484, 322.533409
99.999487, 322.588951
99.999489, 322.644444
99.999492, 322.699888
99.999494, 322.755285
99.999497, 322.810634
99.999500, 322.865934
99.999502, 322.921187
99.999504, 322.976391
99.999507, 323.031547
99.999509, 323.086656
99.999512, 323.141716
99.999514, 323.196728
99.999517, 323.251693
99.999519, 323.306609
99.999522, 323.361478
99.999524, 323.416299
99.999526, 323.471072
99.999529, 323.525797
99.999531, 323.580474
99.999533, 323.635104
99.999536, 323.689686
99.999538, 323.744220
99.999540, 323.798706
99.999543, 323.853145
99.999545, 323.907536
99.999547, 323.961879
99.999549, 324.016175
99.999552, 324.070423
99.999554, 324.124623
99.999556, 324.178776
99.999558, 324.232882
99.999561, 324.286940
99.999563, 324.340950
99.999565, 324.394913
99.999567, 324.448829
99.999569, 324.502697
99.999571, 324.556518
99.999574, 324.610291
99.999576, 324.664017
99.999578, 324.717696
99.999580, 324.771327
99.999582, 324.824911
99.999584, 324.878448
99.999586, 324.931938
99.999588, 324.985380
99.999590, 325.038775
99.999592, 325.092123
99.999594, 325.145424
99.999596, 325.198677
99.999598, 325.251884
99.999600, 325.305043
99.999602, 325.358156
99.999604, 325.411221
99.999606, 325.464239
99.999608, 325.517211
99.999610, 325.570135
99.999612, 325.623012
99.999614, 325.675843
99.999616, 325.728626
99.999618, 325.781363
99.999620, 325.834052
99.999622, 325.886695
99.999624, 325.939291
99.999626, 325.991840
99.999627, 326.044343
99.999629, 326.096798
99.999631, 326.149207
99.999633, 326.201569
99.999635, 326.253884
99.999637, 326.306153
99.999638, 326.358375
99.999640, 326.410551
99.999642, 326.462679
99.999644, 326.514762
99.999646, 326.566797
99.999647, 326.618786
99.999649, 326.670729
99.999651, 326.722624
99.999653, 326.774474
99.999654, 326.826277
99.999656, 326.878033
99.999658, 326.929743
99.999659, 326.981407
99.999661, 327.033024
99.999663, 327.084595
99.999665, 327.136120
99.999666, 327.187598
99.999668, 327.239030
99.999670, 327.290415
99.999671, 327.341755
99.999673, 327.393048
99.999674, 327.444294
99.999676, 327.495495
99.999678, 327.546649
99.999679, 327.597758
99.999681, 327.648820
99.999682, 327.699836
99.999684, 327.750805
99.999686, 327.801729
99.999687, 327.852607
99.999689, 327.903438
99.999690, 327.954224
99.999692, 328.004963
99.999693, 328.055657
99.999695, 328.106305
99.999696, 328.156906
99.999698, 328.207462
99.999699, 328.257972
99.999701, 328.308436
99.999702, 328.358854
99.999704, 328.409226
99.999705, 328.459552
99.999707, 328.509833
99.999708, 328.560068
99.999710, 328.610257
99.999711, 328.660400
99.999713, 328.710497
99.999714, 328.760549
99.999716, 328.810555
99.999717, 328.860516
99.999718, 328.910431
99.999720, 328.960300
99.999721, 329.010123
99.999723, 329.059901
99.999724, 329.109633
99.999725, 329.159320
99.999727, 329.208962
99.999728, 329.258557
99.999729, 329.308108
99.999731, 329.357612
99.999732, 329.407072
99.999733, 329.456486
99.999735, 329.505854
99.999736, 329.555177
99.999737, 329.604455
99.999739, 329.653687
99.999740, 329.702874
99.999741, 329.752016
99.999743, 329.801112
99.999744, 329.850163
99.999745, 329.899169
99.999746, 329.948130
99.999748, 329.997045
99.999749, 330.045915
99.999750, 330.094740
99.999752, 330.143520
99.999753, 330.192254
99.999754, 330.240944
99.999755, 330.289588
99.999756, 330.338187
99.999758, 330.386742
99.999759, 330.435251
99.999760, 330.483715
99.999761, 330.532134
99.999762, 330.580508
99.999764, 330.628837
99.999765, 330.677121
99.999766, 330.725361
99.999767, 330.773555
99.999768, 330.821704
99.999769, 330.869809
99.999771, 330.917868
99.999772, 330.965883
99.999773, 331.013853
99.999774, 331.061778
99.999775, 331.109658
99.999776, 331.157494
99.999777, 331.205285
99.999779, 331.253031
99.999780, 331.300732
99.999781, 331.348389
99.999782, 331.396001
99.999783, 331.443568
99.999784, 331.491090
99.999785, 331.538568
99.999786, 331.586002
99.999787, 331.633391
99.999788, 331.680735
99.999789, 331.728034
99.999790, 331.775290
99.999791, 331.822500
99.999792, 331.869666
99.999793, 331.916788
99.999795, 331.963865
99.999796, 332.010898
99.999797, 332.057886
99.999798, 332.104830
99.999799, 332.151729
99.999800, 332.198584
99.999801, 332.245395
99.999802, 332.292161
99.999803, 332.338883
99.999804, 332.385561
99.999805, 332.432195
99.999806, 332.478784
99.999806, 332.525329
99.999807, 332.571829
99.999808, 332.618286
99.999809, 332.664698
99.999810, 332.711066
99.999811, 332.757390
99.999812, 332.803670
99.999813, 332.849906
99.999814, 332.896097
99.999815, 332.942245
99.999816, 332.988348
99.999817, 333.034407
99.999818, 333.080423
99.999819, 333.126394
99.999820, 333.172321
99.999820, 333.218204
99.999821, 333.264044
99.999822, 333.309839
99.999823, 333.355591
99.999824, 333.401298
99.999825, 333.446962
99.999826, 333.492581
99.999827, 333.538157
99.999828, 333.583689
99.999828, 333.629177
99.999829, 333.674622
99.999830, 333.720022
99.999831, 333.765379
99.999832, 333.810692
99.999833, 333.855961
99.999833, 333.901187
99.999834, 333.946369
99.999835, 333.991507
99.999836, 334.036601
99.999837, 334.081652
99.999838, 334.126659
99.999838, 334.171622
99.999839, 334.216542
99.999840, 334.261419
99.999841, 334.306251
99.999842, 334.351041
99.999842, 334.395786
99.999843, 334.440488
99.999844, 334.485147
99.999845, 334.529762
99.999845, 334.574334
99.999846, 334.618862
99.999847, 334.663346
99.999848, 334.707788
99.999849, 334.752186
99.999849, 334.796540
99.999850, 334.840851
99.999851, 334.885119
99.999852, 334.929343
99.999852, 334.973524
99.999853, 335.017662
99.999854, 335.061756
99.999854, 335.105808
99.999855, 335.149816
99.999856, 335.193780
99.999857, 335.237702
99.999857, 335.281580
99.999858, 335.325415
99.999859, 335.369207
99.999859, 335.412956
99.999860, 335.456661
99.999861, 335.500323
99.999862, 335.543943
99.999862, 335.587519
99.999863, 335.631052
99.999864, 335.674542
99.999864, 335.717989
99.999865, 335.761393
99.999866, 335.804754
99.999866, 335.848072
99.999867, 335.891347
99.999868, 335.934579
99.999868, 335.977768
99.999869, 336.020914
99.999870, 336.064017
99.999870, 336.107078
99.999871, 336.150095
99.999872, 336.193070
99.999872, 336.236001
99.999873, 336.278890
99.999873, 336.321736
99.999874, 336.364539
99.999875, 336.407300
99.999875, 336.450017
99.999876, 336.492692
99.999877, 336.535324
99.999877, 336.577913
99.999878, 336.620460
99.999878, 336.662964
99.999879, 336.705425
99.999880, 336.747844
99.999880, 336.790220
99.999881, 336.832553
99.999881, 336.874844
99.999882, 336.917092
99.999883, 336.959297
99.999883, 337.001460
99.999884, 337.043581
99.999884, 337.085658
99.999885, 337.127694
99.999886, 337.169686
99.999886, 337.211637
99.999887, 337.253544
99.999887, 337.295410
99.999888, 337.337232
99.999888, 337.379013
99.999889, 337.420751
99.999889, 337.462446
99.999890, 337.504100
99.999891, 337.545710
99.999891, 337.587279
99.999892, 337.628805
99.999892, 337.670289
99.999893, 337.711730
99.999893, 337.753129
99.999894, 337.794486
99.999894, 337.835801
99.999895, 337.877073
99.999895, 337.918303
99.999896, 337.959491
99.999896, 338.000637
99.999897, 338.041740
99.999897, 338.082802
99.999898, 338.123821
99.999898, 338.164798
99.999899, 338.205732
99.999899, 338.246625
99.999900, 338.287476
99.999900, 338.328284
99.999901, 338.369051
99.999901, 338.409775
99.999902, 338.450457
99.999902, 338.491098
99.999903, 338.531696
99.999903, 338.572252
99.999904, 338.612767
99.999904, 338.653239
99.999905, 338.693669
99.999905, 338.734058
99.999906, 338.774404
99.999906, 338.814709
99.999907, 338.854971
99.999907, 338.895192
99.999908, 338.935371
99.999908, 338.975508
99.999909, 339.015603
99.999909, 339.055657
99.999910, 339.095668
99.999910, 339.135638
99.999910, 339.175566
99.999911, 339.215452
99.999911, 339.255296
99.999912, 339.295099
99.999912, 339.334860
99.999913, 339.374579
99.999913, 339.414257
99.999913, 339.453893
99.999914, 339.493487
99.999914, 339.533040
99.999915, 339.572551
99.999915, 339.612020
99.999916, 339.651447
99.999916, 339.690834
99.999916, 339.730178
99.999917, 339.769481
99.999917, 339.808742
99.999918, 339.847962
99.999918, 339.887140
99.999919, 339.926277
99.999919, 339.965372
99.999919, 340.004426
99.999920, 340.043438
99.999920, 340.082409
99.999921, 340.121339
99.999921, 340.160227
99.999921, 340.199073
99.999922, 340.237878
99.999922, 340.276642
99.999923, 340.315364
99.999923, 340.354045
99.999923, 340.392685
99.999924, 340.431283
99.999924, 340.469840
99.999924, 340.508356
99.999925, 340.546830
99.999925, 340.585264
99.999926, 340.623655
99.999926, 340.662006
99.999926, 340.700315
99.999927, 340.738584
99.999927, 340.776810
99.999927, 340.814996
99.999928, 340.853141
99.999928, 340.891244
99.999928, 340.929306
99.999929, 340.967327
99.999929, 341.005307
99.999930, 341.043246
99.999930, 341.081144
99.999930, 341.119000
99.999931, 341.156816
99.999931, 341.194590
99.999931, 341.232324
99.999932, 341.270016
99.999932, 341.307668
99.999932, 341.345278
99.999933, 341.382847
99.999933, 341.420376
99.999933, 341.457863
99.999934, 341.495310
99.999934, 341.532715
99.999934, 341.570080
99.999935, 341.607403
99.999935, 341.644686
99.999935, 341.681928
99.999936, 341.719129
99.999936, 341.756289
99.999936, 341.793408
99.999937, 341.830487
99.999937, 341.867524
99.999937, 341.904521
99.999938, 341.941477
99.999938, 341.978392
99.999938, 342.015267
99.999938, 342.052100
99.999939, 342.088893
99.999939, 342.125645
99.999939, 342.162357
99.999940, 342.199028
99.999940, 342.235658
99.999940, 342.272247
99.999941, 342.308796
99.999941, 342.345304
99.999941, 342.381771
99.999941, 342.418198
99.999942, 342.454584
99.999942, 342.490930
99.999942, 342.527235
99.999943, 342.563499
99.999943, 342.599723
99.999943, 342.635906
99.999943, 342.672049
99.999944, 342.708151
99.999944, 342.744212
99.999944, 342.780234
99.999945, 342.816214
99.999945, 342.852154
99.999945, 342.888054
99.999945, 342.923913
99.999946, 342.959732
99.999946, 342.995510
99.999946, 343.031248
99.999946, 343.066946
99.999947, 343.102603
99.999947, 343.138220
99.999947, 343.173796
99.999948, 343.209332
99.999948, 343.244828
99.999948, 343.280283
99.999948, 343.315698
99.999949, 343.351073
99.999949, 343.386407
99.999949, 343.421701
99.999949, 343.456955
99.999950, 343.492169
99.999950, 343.527342
99.999950, 343.562475
99.999950, 343.597568
99.999951, 343.632621
99.999951, 343.667634
99.999951, 343.702606
99.999951, 343.737538
99.999952, 343.772430
99.999952, 343.807282
99.999952, 343.842094
99.999952, 343.876865
99.999953, 343.911597
99.999953, 343.946288
99.999953, 343.980939
99.999953, 344.015550
99.999953, 344.050122
99.999954, 344.084653
99.999954, 344.119144
99.999954, 344.153595
99.999954, 344.188006
99.999955, 344.222377
99.999955, 344.256708
99.999955, 344.290999
99.999955, 344.325250
99.999956, 344.359461
99.999956, 344.393632
99.999956, 344.427763
99.999956, 344.461855
99.999956, 344.495906
99.999957, 344.529917
99.999957, 344.563889
99.999957, 344.597821
99.999957, 344.631713
99.999957, 344.665564
99.999958, 344.699377
99.999958, 344.733149
99.999958, 344.766881
99.999958, 344.800574
99.999959, 344.834227
99.999959, 344.867840
99.999959, 344.901414
99.999959, 344.934947
99.999959, 344.968441
99.999960, 345.001895
99.999960, 345.035309
99.999960, 345.068684
99.999960, 345.102019
99.999960, 345.135314
99.999961, 345.168570
99.999961, 345.201786
99.999961, 345.234962
99.999961, 345.268099
99.999961, 345.301196
99.999962, 345.334253
99.999962, 345.367271
99.999962, 345.400249
99.999962, 345.433187
99.999962, 345.466086
99.999962, 345.498946
99.999963, 345.531766
99.999963, 345.564546
99.999963, 345.597287
99.999963, 345.629988
99.999963, 345.662650
99.999964, 345.695272
99.999964, 345.727855
99.999964, 345.760398
99.999964, 345.792902
99.999964, 345.825366
99.999964, 345.857791
99.999965, 345.890176
99.999965, 345.922523
99.999965, 345.954829
99.999965, 345.987096
99.999965, 346.019324
99.999966, 346.051513
99.999966, 346.083662
99.999966, 346.115772
99.999966, 346.147842
99.999966, 346.179873
99.999966, 346.211865
99.999967, 346.243817
99.999967, 346.275730
99.999967, 346.307604
99.999967, 346.339439
99.999967, 346.371234
99.999967, 346.402990
99.999968, 346.434707
99.999968, 346.466384
99.999968, 346.498022
99.999968, 346.529621
99.999968, 346.561181
99.999968, 346.592702
99.999969, 346.624184
99.999969, 346.655626
99.999969, 346.687029
99.999969, 346.718393
99.999969, 346.749718
99.999969, 346.781004
99.999969, 346.812250
99.999970, 346.843458
99.999970, 346.874626
99.999970, 346.905755
99.999970, 346.936846
99.999970, 346.967897
99.999970, 346.998909
99.999970, 347.029882
99.999971, 347.060816
99.999971, 347.091711
99.999971, 347.122567
99.999971, 347.153384
99.999971, 347.184162
99.999971, 347.214901
99.999972, 347.245601
99.999972, 347.276262
99.999972, 347.306884
99.999972, 347.337467
99.999972, 347.368011
99.999972, 347.398516
99.999972, 347.428983
99.999972, 347.459410
99.999973, 347.489799
99.999973, 347.520148
99.999973, 347.550459
99.999973, 347.580731
99.999973, 347.610964
99.999973, 347.641158
99.999973, 347.671314
99.999974, 347.701430
99.999974, 347.731508
99.999974, 347.761547
99.999974, 347.791547
99.999974, 347.821509
99.999974, 347.851431
99.999974, 347.881315
99.999974, 347.911160
99.999975, 347.940967
99.999975, 347.970734
99.999975, 348.000463
99.999975, 348.030154
99.999975, 348.059805
99.999975, 348.089418
99.999975, 348.118992
99.999975, 348.148527
99.999976, 348.178024
99.999976, 348.207482
99.999976, 348.236902
99.999976, 348.266283
99.999976, 348.295625
99.999976, 348.324928
99.999976, 348.354194
99.999976, 348.383420
99.999977, 348.412608
99.999977, 348.441757
99.999977, 348.470868
99.999977, 348.499940
99.999977, 348.528973
99.999977, 348.557968
99.999977, 348.586925
99.999977, 348.615843
99.999977, 348.644722
99.999978, 348.673563
99.999978, 348.702366
99.999978, 348.731130
99.999978, 348.759856
99.999978, 348.788543
99.999978, 348.817191
99.999978, 348.845802
99.999978, 348.874373
99.999978, 348.902907
99.999979, 348.931402
99.999979, 348.959858
99.999979, 348.988276
99.999979, 349.016656
99.999979, 349.044997
99.999979, 349.073300
99.999979, 349.101565
99.999979, 349.129791
99.999979, 349.157979
99.999980, 349.186129
99.999980, 349.214240
99.999980, 349.242313
99.999980, 349.270348
99.999980, 349.298345
99.999980, 349.326303
99.999980, 349.354223
99.999980, 349.382104
99.999980, 349.409948
99.999980, 349.437753
99.999981, 349.465520
99.999981, 349.493248
99.999981, 349.520939
99.999981, 349.548591
99.999981, 349.576205
99.999981, 349.603781
99.999981, 349.631318
99.999981, 349.658818
99.999981, 349.686279
99.999981, 349.713702
99.999981, 349.741087
99.999982, 349.768434
99.999982, 349.795743
99.999982, 349.823013
99.999982, 349.850246
99.999982, 349.877440
99.999982, 349.904597
99.999982, 349.931715
99.999982, 349.958795
99.999982, 349.985837
99.999982, 350.012841
99.999982, 350.039807
99.999983, 350.066735
99.999983, 350.093625
99.999983, 350.120477
99.999983, 350.147291
99.999983, 350.174067
99.999983, 350.200805
99.999983, 350.227505
99.999983, 350.254167
99.999983, 350.280791
99.999983, 350.307377
99.999983, 350.333925
99.999983, 350.360435
99.999984, 350.386907
99.999984, 350.413341
99.999984, 350.439738
99.999984, 350.466096
99.999984, 350.492417
99.999984, 350.518699
99.999984, 350.544944
99.999984, 350.571151
99.999984, 350.597320
99.999984, 350.623451
99.999984, 350.649544
99.999984, 350.675600
99.999985, 350.701617
99.999985, 350.727597
99.999985, 350.753539
99.999985, 350.779444
99.999985, 350.805310
99.999985, 350.831139
99.999985, 350.856929
99.999985, 350.882682
99.999985, 350.908398
99.999985, 350.934075
99.999985, 350.959715
99.999985, 350.985317
99.999985, 351.010882
99.999985, 351.036408
99.999986, 351.061897
99.999986, 351.087348
99.999986, 351.112762
99.999986, 351.138138
99.999986, 351.163476
99.999986, 351.188776
99.999986, 351.214039
99.999986, 351.239264
99.999986, 351.264452
99.999986, 351.289602
99.999986, 351.314714
99.999986, 351.339788
99.999986, 351.364825
99.999986, 351.389825
99.999987, 351.414786
99.999987, 351.439711
99.999987, 351.464597
99.999987, 351.489446
99.999987, 351.514258
99.999987, 351.539032
99.999987, 351.563768
99.999987, 351.588467
99.999987, 351.613128
99.999987, 351.637752
99.999987, 351.662338
99.999987, 351.686887
99.999987, 351.711398
99.999987, 351.735872
99.999987, 351.760308
99.999988, 351.784707
99.999988, 351.809068
99.999988, 351.833392
99.999988, 351.857678
99.999988, 351.881927
99.999988, 351.906139
99.999988, 351.930313
99.999988, 351.954449
99.999988, 351.978549
99.999988, 352.002610
99.999988, 352.026635
99.999988, 352.050622
99.999988, 352.074572
99.999988, 352.098484
99.999988, 352.122359
99.999988, 352.146196
99.999988, 352.169996
99.999989, 352.193759
99.999989, 352.217485
99.999989, 352.241173
99.999989, 352.264824
99.999989, 352.288437
99.999989, 352.312013
99.999989, 352.335552
99.999989, 352.359054
99.999989, 352.382518
99.999989, 352.405945
99.999989, 352.429335
99.999989, 352.452688
99.999989, 352.476003
99.999989, 352.499281
99.999989, 352.522522
99.999989, 352.545725
99.999989, 352.568891
99.999989, 352.592020
99.999990, 352.615112
99.999990, 352.638167
99.999990, 352.661184
99.999990, 352.684165
99.999990, 352.707108
99.999990, 352.730014
99.999990, 352.752883
99.999990, 352.775714
99.999990, 352.798509
99.999990, 352.821266
99.999990, 352.843986
99.999990, 352.866669
99.999990, 352.889315
99.999990, 352.911924
99.999990, 352.934495
99.999990, 352.957030
99.999990, 352.979528
99.999990, 353.001988
99.999990, 353.024411
99.999990, 353.046798
99.999991, 353.069147
99.999991, 353.091459
99.999991, 353.113734
99.999991, 353.135972
99.999991, 353.158173
99.999991, 353.180337
99.999991, 353.202464
99.999991, 353.224554
99.999991, 353.246607
99.999991, 353.268623
99.999991, 353.290602
99.999991, 353.312543
99.999991, 353.334448
99.999991, 353.356316
99.999991, 353.378147
99.999991, 353.399941
99.999991, 353.421699
99.999991, 353.443419
99.999991, 353.465102
99.999991, 353.486748
99.999991, 353.508358
99.999991, 353.529930
99.999992, 353.551466
99.999992, 353.572964
99.999992, 353.594426
99.999992, 353.615851
99.999992, 353.637239
99.999992, 353.658590
99.999992, 353.679904
99.999992, 353.701181
99.999992, 353.722422
99.999992, 353.743625
99.999992, 353.764792
99.999992, 353.785922
99.999992, 353.807015
99.999992, 353.828071
99.999992, 353.849091
99.999992, 353.870074
99.999992, 353.891019
99.999992, 353.911929
99.999992, 353.932801
99.999992, 353.953636
99.999992, 353.974435
99.999992, 353.995197
99.999992, 354.015922
99.999992, 354.036611
99.999992, 354.057262
99.999993, 354.077877
99.999993, 354.098455
99.999993, 354.118997
99.999993, 354.139501
99.999993, 354.159969
99.999993, 354.180401
99.999993, 354.200795
99.999993, 354.221153
99.999993, 354.241474
99.999993, 354.261759
99.999993, 354.282007
99.999993, 354.302218
99.999993, 354.322392
99.999993, 354.342530
99.999993, 354.362632
99.999993, 354.382696
99.999993, 354.402724
99.999993, 354.422715
99.999993, 354.442670
99.999993, 354.462588
99.999993, 354.482469
99.999993, 354.502314
99.999993, 354.522122
99.999993, 354.541894
99.999993, 354.561629
99.999993, 354.581327
99.999993, 354.600989
99.999993, 354.620614
99.999993, 354.640203
99.999994, 354.659755
99.999994, 354.679271
99.999994, 354.698750
99.999994, 354.718192
99.999994, 354.737598
99.999994, 354.756967
99.999994, 354.776300
99.999994, 354.795597
99.999994, 354.814857
99.999994, 354.834080
99.999994, 354.853267
99.999994, 354.872417
99.999994, 354.891531
99.999994, 354.910608
99.999994, 354.929649
99.999994, 354.948654
99.999994, 354.967622
99.999994, 354.986553
99.999994, 355.005448
99.999994, 355.024307
99.999994, 355.043129
99.999994, 355.061915
99.999994, 355.080664
99.999994, 355.099377
99.999994, 355.118054
99.999994, 355.136694
99.999994, 355.155297
99.999994, 355.173865
99.999994, 355.192396
99.999994, 355.210890
99.999994, 355.229348
99.999994, 355.247770
99.999994, 355.266155
99.999995, 355.284504
99.999995, 355.302817
99.999995, 355.321093
99.999995, 355.339333
99.999995, 355.357537
99.999995, 355.375704
99.999995, 355.393835
99.999995, 355.411930
99.999995, 355.429988
99.999995, 355.448010
99.999995, 355.465996
99.999995, 355.483945
99.999995, 355.501858
99.999995, 355.519735
99.999995, 355.537576
99.999995, 355.555380
99.999995, 355.573148
99.999995, 355.590879
99.999995, 355.608575
99.999995, 355.626234
99.999995, 355.643857
99.999995, 355.661444
99.999995, 355.678994
99.999995, 355.696508
99.999995, 355.713986
99.999995, 355.731428
99.999995, 355.748834
99.999995, 355.766203
99.999995, 355.783536
99.999995, 355.800833
99.999995, 355.818094
99.999995, 355.835318
99.999995, 355.852507
99.999995, 355.869659
99.999995, 355.886775
99.999995, 355.903855
99.999995, 355.920898
99.999995, 355.937906
99.999995, 355.954877
99.999995, 355.971812
99.999995, 355.988711
99.999996, 356.005574
99.999996, 356.022401
99.999996, 356.039192
99.999996, 356.055946
99.999996, 356.072665
99.999996, 356.089347
99.999996, 356.105993
99.999996, 356.122603
99.999996, 356.139177
99.999996, 356.155715
99.999996, 356.172217
99.999996, 356.188683
99.999996, 356.205112
99.999996, 356.221506
99.999996, 356.237863
99.999996, 356.254185
99.999996, 356.270470
99.999996, 356.286720
99.999996, 356.302933
99.999996, 356.319110
99.999996, 356.335251
99.999996, 356.351357
99.999996, 356.367426
99.999996, 356.383459
99.999996, 356.399456
99.999996, 356.415417
99.999996, 356.431342
99.999996, 356.447231
99.999996, 356.463085
99.999996, 356.478902
99.999996, 356.494683
99.999996, 356.510428
99.999996, 356.526137
99.999996, 356.541811
99.999996, 356.557448
99.999996, 356.573049
99.999996, 356.588614
99.999996, 356.604144
99.999996, 356.619637
99.999996, 356.635095
99.999996, 356.650516
99.999996, 356.665902
99.999996, 356.681252
99.999996, 356.696565
99.999996, 356.711843
99.999996, 356.727085
99.999996, 356.742291
99.999996, 356.757461
99.999996, 356.772596
99.999996, 356.787694
99.999997, 356.802757
99.999997, 356.817783
99.999997, 356.832774
99.999997, 356.847729
99.999997, 356.862648
99.999997, 356.877531
99.999997, 356.892378
99.999997, 356.907189
99.999997, 356.921965
99.999997, 356.936704
99.999997, 356.951408
99.999997, 356.966076
99.999997, 356.980708
99.999997, 356.995305
99.999997, 357.009865
99.999997, 357.024390
99.999997, 357.038878
99.999997, 357.053332
99.999997, 357.067749
99.999997, 357.082130
99.999997, 357.096476
99.999997, 357.110786
99.999997, 357.125060
99.999997, 357.139298
99.999997, 357.153500
99.999997, 357.167667
99.999997, 357.181798
99.999997, 357.195893
99.999997, 357.209952
99.999997, 357.223976
99.999997, 357.237964
99.999997, 357.251916
99.999997, 357.265832
99.999997, 357.279713
99.999997, 357.293558
99.999997, 357.307367
99.999997, 357.321141
99.999997, 357.334878
99.999997, 357.348580
99.999997, 357.362246
99.999997, 357.375877
99.999997, 357.389472
99.999997, 357.403031
99.999997, 357.416554
99.999997, 357.430042
99.999997, 357.443494
99.999997, 357.456911
99.999997, 357.470291
99.999997, 357.483636
99.999997, 357.496946
99.999997, 357.510219
99.999997, 357.523457
99.999997, 357.536659
99.999997, 357.549826
99.999997, 357.562957
99.999997, 357.576052
99.999997, 357.589112
99.999997, 357.602136
99.999997, 357.615125
99.999997, 357.628077
99.999997, 357.640995
99.999997, 357.653876
99.999997, 357.666722
99.999997, 357.679532
99.999997, 357.692307
99.999997, 357.705046
99.999997, 357.717749
99.999998, 357.730417
99.999998, 357.743050
99.999998, 357.755646
99.999998, 357.768207
99.999998, 357.780733
99.999998, 357.793223
99.999998, 357.805677
99.999998, 357.818096
99.999998, 357.830479
99.999998, 357.842826
99.999998, 357.855138
99.999998, 357.867415
99.999998, 357.879656
99.999998, 357.891861
99.999998, 357.904031
99.999998, 357.916165
99.999998, 357.928264
99.999998, 357.940327
99.999998, 357.952355
99.999998, 357.964347
99.999998, 357.976303
99.999998, 357.988224
99.999998, 358.000110
99.999998, 358.011960
99.999998, 358.023774
99.999998, 358.035553
99.999998, 358.047297
99.999998, 358.059005
99.999998, 358.070677
99.999998, 358.082314
99.999998, 358.093916
99.999998, 358.105482
99.999998, 358.117012
99.999998, 358.128507
99.999998, 358.139967
99.999998, 358.151391
99.999998, 358.162780
99.999998, 358.174133
99.999998, 358.185450
99.999998, 358.196733
99.999998, 358.207979
99.999998, 358.219191
99.999998, 358.230367
99.999998, 358.241507
99.999998, 358.252612
99.999998, 358.263682
99.999998, 358.274716
99.999998, 358.285714
99.999998, 358.296678
99.999998, 358.307605
99.999998, 358.318498
99.999998, 358.329355
99.999998, 358.340176
99.999998, 358.350962
99.999998, 358.361713
99.999998, 358.372428
99.999998, 358.383108
99.999998, 358.393753
99.999998, 358.404362
99.999998, 358.414936
99.999998, 358.425474
99.999998, 358.435977
99.999998, 358.446445
99.999998, 358.456877
99.999998, 358.467273
99.999998, 358.477635
99.999998, 358.487961
99.999998, 358.498252
99.999998, 358.508507
99.999998, 358.518727
99.999998, 358.528912
99.999998, 358.539061
99.999998, 358.549175
99.999998, 358.559253
99.999998, 358.569296
99.999998, 358.579304
99.999998, 358.589277
99.999998, 358.599214
99.999998, 358.609116
99.999998, 358.618982
99.999998, 358.628813
99.999998, 358.638609
99.999998, 358.648370
99.999998, 358.658095
99.999998, 358.667785
99.999998, 358.677440
99.999998, 358.687059
99.999998, 358.696643
99.999998, 358.706191
99.999998, 358.715705
99.999998, 358.725183
99.999998, 358.734626
99.999998, 358.744033
99.999998, 358.753405
99.999998, 358.762742
99.999998, 358.772044
99.999998, 358.781310
99.999998, 358.790541
99.999998, 358.799737
99.999998, 358.808897
99.999998, 358.818023
99.999998, 358.827113
99.999999, 358.836167
99.999999, 358.845187
99.999999, 358.854171
99.999999, 358.863120
99.999999, 358.872034
99.999999, 358.880912
99.999999, 358.889755
99.999999, 358.898563
99.999999, 358.907336
99.999999, 358.916073
99.999999, 358.924775
99.999999, 358.933442
99.999999, 358.942074
99.999999, 358.950671
99.999999, 358.959232
99.999999, 358.967758
99.999999, 358.976249
99.999999, 358.984704
99.999999, 358.993125
99.999999, 359.001510
99.999999, 359.009860
99.999999, 359.018175
99.999999, 359.026454
99.999999, 359.034698
99.999999, 359.042908
99.999999, 359.051082
99.999999, 359.059220
99.999999, 359.067324
99.999999, 359.075392
99.999999, 359.083425
99.999999, 359.091423
99.999999, 359.099386
99.999999, 359.107314
99.999999, 359.115206
99.999999, 359.123063
99.999999, 359.130886
99.999999, 359.138672
99.999999, 359.146424
99.999999, 359.154141
99.999999, 359.161822
99.999999, 359.169468
99.999999, 359.177079
99.999999, 359.184655
99.999999, 359.192196
99.999999, 359.199702
99.999999, 359.207172
99.999999, 359.214607
99.999999, 359.222008
99.999999, 359.229373
99.999999, 359.236703
99.999999, 359.243997
99.999999, 359.251257
99.999999, 359.258481
99.999999, 359.265671
99.999999, 359.272825
99.999999, 359.279944
99.999999, 359.287028
99.999999, 359.294077
99.999999, 359.301090
99.999999, 359.308069
99.999999, 359.315012
99.999999, 359.321921
99.999999, 359.328794
99.999999, 359.335632
99.999999, 359.342435
99.999999, 359.349203
99.999999, 359.355936
99.999999, 359.362633
99.999999, 359.369296
99.999999, 359.375923
99.999999, 359.382516
99.999999, 359.389073
99.999999, 359.395595
99.999999, 359.402082
99.999999, 359.408534
99.999999, 359.414951
99.999999, 359.421333
99.999999, 359.427680
99.999999, 359.433991
99.999999, 359.440268
99.999999, 359.446509
99.999999, 359.452716
99.999999, 359.458887
99.999999, 359.465023
99.999999, 359.471124
99.999999, 359.477191
99.999999, 359.483222
99.999999, 359.489218
99.999999, 359.495178
99.999999, 359.501104
99.999999, 359.506995
99.999999, 359.512851
99.999999, 359.518672
99.999999, 359.524457
99.999999, 359.530208
99.999999, 359.535923
99.999999, 359.541604
99.999999, 359.547249
99.999999, 359.552859
99.999999, 359.558435
99.999999, 359.563975
99.999999, 359.569480
99.999999, 359.574951
99.999999, 359.580386
99.999999, 359.585786
99.999999, 359.591151
99.999999, 359.596481
99.999999, 359.601776
99.999999, 359.607036
99.999999, 359.612261
99.999999, 359.617451
99.999999, 359.622606
99.999999, 359.627726
99.999999, 359.632811
99.999999, 359.637860
99.999999, 359.642875
99.999999, 359.647855
99.999999, 359.652800
99.999999, 359.657710
99.999999, 359.662584
99.999999, 359.667424
99.999999, 359.672229
99.999999, 359.676999
99.999999, 359.681733
99.999999, 359.686433
99.999999, 359.691098
99.999999, 359.695727
99.999999, 359.700322
99.999999, 359.704882
99.999999, 359.709407
99.999999, 359.713896
99.999999, 359.718351
99.999999, 359.722771
99.999999, 359.727155
99.999999, 359.731505
99.999999, 359.735820
99.999999, 359.740100
99.999999, 359.744344
99.999999, 359.748554
99.999999, 359.752729
99.999999, 359.756869
99.999999, 359.760974
99.999999, 359.765043
99.999999, 359.769078
99.999999, 359.773078
99.999999, 359.777043
99.999999, 359.780973
99.999999, 359.784868
99.999999, 359.788728
99.999999, 359.792553
99.999999, 359.796343
99.999999, 359.800098
99.999999, 359.803818
99.999999, 359.807503
99.999999, 359.811153
99.999999, 359.814768
99.999999, 359.818349
99.999999, 359.821894
99.999999, 359.825404
99.999999, 359.828879
99.999999, 359.832320
99.999999, 359.835725
99.999999, 359.839096
99.999999, 359.842431
99.999999, 359.845732
99.999999, 359.848997
99.999999, 359.852228
99.999999, 359.855423
99.999999, 359.858584
99.999999, 359.861710
99.999999, 359.864801
99.999999, 359.867856
99.999999, 359.870877
99.999999, 359.873863
99.999999, 359.876814
99.999999, 359.879730
99.999999, 359.882611
99.999999, 359.885457
99.999999, 359.888269
99.999999, 359.891045
99.999999, 359.893786
99.999999, 359.896493
99.999999, 359.899164
99.999999, 359.901801
99.999999, 359.904402
99.999999, 359.906969
99.999999, 359.909500
99.999999, 359.911997
99.999999, 359.914459
99.999999, 359.916886
99.999999, 359.919278
99.999999, 359.921635
99.999999, 359.923957
99.999999, 359.926244
99.999999, 359.928496
99.999999, 359.930713
99.999999, 359.932896
99.999999, 359.935043
99.999999, 359.937156
99.999999, 359.939233
99.999999, 359.941276
99.999999, 359.943283
99.999999, 359.945256
99.999999, 359.947194
99.999999, 359.949097
99.999999, 359.950965
99.999999, 359.952798
99.999999, 359.954596
99.999999, 359.956359
99.999999, 359.958088
99.999999, 359.959781
99.999999, 359.961439
99.999999, 359.963063
99.999999, 359.964651
99.999999, 359.966205
99.999999, 359.967724
99.999999, 359.969208
99.999999, 359.970657
99.999999, 359.972071
99.999999, 359.973450
100.000000, 359.974794
100.000000, 359.976103
100.000000, 359.977377
100.000000, 359.978617
100.000000, 359.979821
100.000000, 359.980991
100.000000, 359.982125
100.000000, 359.983225
100.000000, 359.984290
100.000000, 359.985320
100.000000, 359.986315
100.000000, 359.987275
100.000000, 359.988200
100.000000, 359.989090
100.000000, 359.989946
100.000000, 359.990766
100.000000, 359.991552
100.000000, 359.992302
100.000000, 359.993018
100.000000, 359.993699
100.000000, 359.994344
100.000000, 359.994955
100.000000, 359.995531
100.000000, 359.996073
100.000000, 359.996579
100.000000, 359.997050
100.000000, 359.997486
100.000000, 359.997888
100.000000, 359.998254
100.000000, 359.998586
100.000000, 359.998883
100.000000, 359.999145
100.000000, 359.999372
100.000000, 359.999564
100.000000, 359.999721
100.000000, 359.999843
100.000000, 359.999930
100.000000, 359.999983
100.000000, 0.000000
##END=
