##TITLE= 
##JCAMPDX= 5.0
##DATATYPE= 
##ORIGIN= Bruker BioSpin GmbH
##OWNER= 
##$SHAPE_PARAMETERS= 
##MINX= 0.00000000
##MAXX= 100.00000000
##MINY= 0.00000000
##MAXY= 359.79217700
##$SHAPE_EXMODE= Adiabatic
##$SHAPE_TOTROT= 180.00000000
##$SHAPE_TYPE= Inversion
##$SHAPE_USER_DEF= 
##$SHAPE_REPHFAC= 
##$SHAPE_BWFAC= 5.28600000
##$SHAPE_BWFAC50= 
##$SHAPE_INTEGFAC= 0.25979330
##$SHAPE_MODE= 0
##NPOINTS= 4000
##XYPOINTS= (XY..XY)
100.000000, 0.000000
100.000000, 0.000017
100.000000, 0.000070
100.000000, 0.000157
100.000000, 0.000279
100.000000, 0.000436
100.000000, 0.000628
100.000000, 0.000855
100.000000, 0.001117
100.000000, 0.001414
100.000000, 0.001746
100.000000, 0.002112
100.000000, 0.002514
100.000000, 0.002950
100.000000, 0.003421
100.000000, 0.003927
100.000000, 0.004469
100.000000, 0.005045
100.000000, 0.005656
100.000000, 0.006301
100.000000, 0.006982
100.000000, 0.007698
100.000000, 0.008448
100.000000, 0.009234
100.000000, 0.010054
100.000000, 0.010910
100.000000, 0.011800
100.000000, 0.012725
100.000000, 0.013685
100.000000, 0.014680
100.000000, 0.015710
100.000000, 0.016775
100.000000, 0.017875
100.000000, 0.019009
100.000000, 0.020179
100.000000, 0.021383
100.000000, 0.022623
100.000000, 0.023897
100.000000, 0.025206
99.999999, 0.026550
99.999999, 0.027929
99.999999, 0.029343
99.999999, 0.030792
99.999999, 0.032276
99.999999, 0.033795
99.999999, 0.035349
99.999999, 0.036937
99.999999, 0.038561
99.999999, 0.040219
99.999999, 0.041912
99.999999, 0.043641
99.999999, 0.045404
99.999999, 0.047202
99.999999, 0.049035
99.999999, 0.050903
99.999999, 0.052806
99.999999, 0.054744
99.999999, 0.056717
99.999999, 0.058724
99.999999, 0.060767
99.999999, 0.062844
99.999999, 0.064957
99.999999, 0.067104
99.999999, 0.069287
99.999999, 0.071504
99.999999, 0.073756
99.999999, 0.076043
99.999999, 0.078365
99.999999, 0.080722
99.999999, 0.083114
99.999999, 0.085541
99.999999, 0.088003
99.999999, 0.090500
99.999999, 0.093031
99.999999, 0.095598
99.999999, 0.098199
99.999999, 0.100836
99.999999, 0.103507
99.999999, 0.106214
99.999999, 0.108955
99.999999, 0.111731
99.999999, 0.114543
99.999999, 0.117389
99.999999, 0.120270
99.999999, 0.123186
99.999999, 0.126137
99.999999, 0.129123
99.999999, 0.132144
99.999999, 0.135199
99.999999, 0.138290
99.999999, 0.141416
99.999999, 0.144577
99.999999, 0.147772
99.999999, 0.151003
99.999999, 0.154268
99.999999, 0.157569
99.999999, 0.160904
99.999999, 0.164275
99.999999, 0.167680
99.999999, 0.171121
99.999999, 0.174596
99.999999, 0.178106
99.999999, 0.181651
99.999999, 0.185232
99.999999, 0.188847
99.999999, 0.192497
99.999999, 0.196182
99.999999, 0.199902
99.999999, 0.203657
99.999999, 0.207447
99.999999, 0.211272
99.999999, 0.215132
99.999999, 0.219027
99.999999, 0.222957
99.999999, 0.226922
99.999999, 0.230922
99.999999, 0.234957
99.999999, 0.239026
99.999999, 0.243131
99.999999, 0.247271
99.999999, 0.251446
99.999999, 0.255656
99.999999, 0.259900
99.999999, 0.264180
99.999999, 0.268495
99.999999, 0.272845
99.999999, 0.277229
99.999999, 0.281649
99.999999, 0.286104
99.999999, 0.290593
99.999999, 0.295118
99.999999, 0.299678
99.999999, 0.304273
99.999999, 0.308902
99.999999, 0.313567
99.999999, 0.318267
99.999999, 0.323001
99.999999, 0.327771
99.999999, 0.332576
99.999999, 0.337416
99.999999, 0.342290
99.999999, 0.347200
99.999999, 0.352145
99.999999, 0.357125
99.999999, 0.362140
99.999999, 0.367189
99.999999, 0.372274
99.999999, 0.377394
99.999999, 0.382549
99.999999, 0.387739
99.999999, 0.392964
99.999999, 0.398224
99.999999, 0.403519
99.999999, 0.408849
99.999999, 0.414214
99.999999, 0.419614
99.999999, 0.425049
99.999999, 0.430520
99.999999, 0.436025
99.999999, 0.441565
99.999999, 0.447141
99.999999, 0.452751
99.999999, 0.458396
99.999999, 0.464077
99.999999, 0.469792
99.999999, 0.475543
99.999999, 0.481328
99.999999, 0.487149
99.999999, 0.493005
99.999999, 0.498896
99.999999, 0.504822
99.999999, 0.510782
99.999999, 0.516778
99.999999, 0.522809
99.999999, 0.528876
99.999999, 0.534977
99.999999, 0.541113
99.999999, 0.547284
99.999999, 0.553491
99.999999, 0.559732
99.999999, 0.566009
99.999999, 0.572320
99.999999, 0.578667
99.999999, 0.585049
99.999999, 0.591466
99.999999, 0.597918
99.999999, 0.604405
99.999999, 0.610927
99.999999, 0.617484
99.999999, 0.624077
99.999999, 0.630704
99.999999, 0.637367
99.999999, 0.644064
99.999999, 0.650797
99.999999, 0.657565
99.999999, 0.664368
99.999999, 0.671206
99.999999, 0.678079
99.999999, 0.684988
99.999999, 0.691931
99.999999, 0.698910
99.999999, 0.705923
99.999999, 0.712972
99.999999, 0.720056
99.999999, 0.727175
99.999999, 0.734329
99.999999, 0.741519
99.999999, 0.748743
99.999999, 0.756003
99.999999, 0.763297
99.999999, 0.770627
99.999999, 0.777992
99.999999, 0.785393
99.999999, 0.792828
99.999999, 0.800298
99.999999, 0.807804
99.999999, 0.815345
99.999999, 0.822921
99.999999, 0.830532
99.999999, 0.838178
99.999999, 0.845859
99.999999, 0.853576
99.999999, 0.861328
99.999999, 0.869114
99.999999, 0.876937
99.999999, 0.884794
99.999999, 0.892686
99.999999, 0.900614
99.999999, 0.908577
99.999999, 0.916575
99.999999, 0.924608
99.999999, 0.932676
99.999999, 0.940780
99.999999, 0.948918
99.999999, 0.957092
99.999999, 0.965302
99.999999, 0.973546
99.999999, 0.981825
99.999999, 0.990140
99.999999, 0.998490
99.999999, 1.006875
99.999999, 1.015296
99.999999, 1.023751
99.999999, 1.032242
99.999999, 1.040768
99.999999, 1.049329
99.999999, 1.057926
99.999999, 1.066558
99.999999, 1.075225
99.999999, 1.083927
99.999999, 1.092664
99.999999, 1.101437
99.999999, 1.110245
99.999999, 1.119088
99.999999, 1.127966
99.999999, 1.136880
99.999999, 1.145829
99.999999, 1.154813
99.999999, 1.163833
99.999998, 1.172887
99.999998, 1.181977
99.999998, 1.191103
99.999998, 1.200263
99.999998, 1.209459
99.999998, 1.218690
99.999998, 1.227956
99.999998, 1.237258
99.999998, 1.246595
99.999998, 1.255967
99.999998, 1.265374
99.999998, 1.274817
99.999998, 1.284295
99.999998, 1.293809
99.999998, 1.303357
99.999998, 1.312941
99.999998, 1.322560
99.999998, 1.332215
99.999998, 1.341905
99.999998, 1.351630
99.999998, 1.361391
99.999998, 1.371187
99.999998, 1.381018
99.999998, 1.390884
99.999998, 1.400786
99.999998, 1.410723
99.999998, 1.420696
99.999998, 1.430704
99.999998, 1.440747
99.999998, 1.450825
99.999998, 1.460939
99.999998, 1.471088
99.999998, 1.481273
99.999998, 1.491493
99.999998, 1.501748
99.999998, 1.512039
99.999998, 1.522365
99.999998, 1.532727
99.999998, 1.543123
99.999998, 1.553555
99.999998, 1.564023
99.999998, 1.574526
99.999998, 1.585064
99.999998, 1.595638
99.999998, 1.606247
99.999998, 1.616892
99.999998, 1.627572
99.999998, 1.638287
99.999998, 1.649038
99.999998, 1.659824
99.999998, 1.670645
99.999998, 1.681502
99.999998, 1.692395
99.999998, 1.703322
99.999998, 1.714286
99.999998, 1.725284
99.999998, 1.736318
99.999998, 1.747388
99.999998, 1.758493
99.999998, 1.769633
99.999998, 1.780809
99.999998, 1.792021
99.999998, 1.803267
99.999998, 1.814550
99.999998, 1.825867
99.999998, 1.837220
99.999998, 1.848609
99.999998, 1.860033
99.999998, 1.871493
99.999998, 1.882988
99.999998, 1.894518
99.999998, 1.906084
99.999998, 1.917686
99.999998, 1.929323
99.999998, 1.940995
99.999998, 1.952703
99.999998, 1.964447
99.999998, 1.976226
99.999998, 1.988040
99.999998, 1.999890
99.999998, 2.011776
99.999998, 2.023697
99.999998, 2.035653
99.999998, 2.047645
99.999998, 2.059673
99.999998, 2.071736
99.999998, 2.083835
99.999998, 2.095969
99.999998, 2.108139
99.999998, 2.120344
99.999998, 2.132585
99.999998, 2.144862
99.999998, 2.157174
99.999998, 2.169521
99.999998, 2.181904
99.999998, 2.194323
99.999998, 2.206777
99.999998, 2.219267
99.999998, 2.231793
99.999998, 2.244354
99.999998, 2.256950
99.999998, 2.269583
99.999997, 2.282251
99.999997, 2.294954
99.999997, 2.307693
99.999997, 2.320468
99.999997, 2.333278
99.999997, 2.346124
99.999997, 2.359005
99.999997, 2.371923
99.999997, 2.384875
99.999997, 2.397864
99.999997, 2.410888
99.999997, 2.423948
99.999997, 2.437043
99.999997, 2.450174
99.999997, 2.463341
99.999997, 2.476543
99.999997, 2.489781
99.999997, 2.503054
99.999997, 2.516364
99.999997, 2.529709
99.999997, 2.543089
99.999997, 2.556506
99.999997, 2.569958
99.999997, 2.583446
99.999997, 2.596969
99.999997, 2.610528
99.999997, 2.624123
99.999997, 2.637754
99.999997, 2.651420
99.999997, 2.665122
99.999997, 2.678859
99.999997, 2.692633
99.999997, 2.706442
99.999997, 2.720287
99.999997, 2.734168
99.999997, 2.748084
99.999997, 2.762036
99.999997, 2.776024
99.999997, 2.790048
99.999997, 2.804107
99.999997, 2.818202
99.999997, 2.832333
99.999997, 2.846500
99.999997, 2.860702
99.999997, 2.874940
99.999997, 2.889214
99.999997, 2.903524
99.999997, 2.917870
99.999997, 2.932251
99.999997, 2.946668
99.999997, 2.961122
99.999997, 2.975610
99.999997, 2.990135
99.999997, 3.004695
99.999997, 3.019292
99.999997, 3.033924
99.999997, 3.048592
99.999997, 3.063296
99.999997, 3.078035
99.999997, 3.092811
99.999997, 3.107622
99.999997, 3.122469
99.999997, 3.137352
99.999997, 3.152271
99.999997, 3.167226
99.999997, 3.182217
99.999997, 3.197243
99.999996, 3.212306
99.999996, 3.227404
99.999996, 3.242539
99.999996, 3.257709
99.999996, 3.272915
99.999996, 3.288157
99.999996, 3.303435
99.999996, 3.318748
99.999996, 3.334098
99.999996, 3.349484
99.999996, 3.364905
99.999996, 3.380363
99.999996, 3.395856
99.999996, 3.411386
99.999996, 3.426951
99.999996, 3.442552
99.999996, 3.458189
99.999996, 3.473863
99.999996, 3.489572
99.999996, 3.505317
99.999996, 3.521098
99.999996, 3.536915
99.999996, 3.552769
99.999996, 3.568658
99.999996, 3.584583
99.999996, 3.600544
99.999996, 3.616541
99.999996, 3.632574
99.999996, 3.648643
99.999996, 3.664749
99.999996, 3.680890
99.999996, 3.697067
99.999996, 3.713280
99.999996, 3.729530
99.999996, 3.745815
99.999996, 3.762137
99.999996, 3.778494
99.999996, 3.794888
99.999996, 3.811317
99.999996, 3.827783
99.999996, 3.844285
99.999996, 3.860823
99.999996, 3.877397
99.999996, 3.894007
99.999996, 3.910653
99.999996, 3.927335
99.999996, 3.944054
99.999996, 3.960808
99.999996, 3.977599
99.999996, 3.994426
99.999995, 4.011289
99.999995, 4.028188
99.999995, 4.045123
99.999995, 4.062094
99.999995, 4.079102
99.999995, 4.096145
99.999995, 4.113225
99.999995, 4.130341
99.999995, 4.147493
99.999995, 4.164682
99.999995, 4.181906
99.999995, 4.199167
99.999995, 4.216464
99.999995, 4.233797
99.999995, 4.251166
99.999995, 4.268572
99.999995, 4.286014
99.999995, 4.303492
99.999995, 4.321006
99.999995, 4.338556
99.999995, 4.356143
99.999995, 4.373766
99.999995, 4.391425
99.999995, 4.409121
99.999995, 4.426852
99.999995, 4.444620
99.999995, 4.462424
99.999995, 4.480265
99.999995, 4.498142
99.999995, 4.516055
99.999995, 4.534004
99.999995, 4.551990
99.999995, 4.570012
99.999995, 4.588070
99.999995, 4.606165
99.999995, 4.624296
99.999995, 4.642463
99.999995, 4.660667
99.999995, 4.678907
99.999995, 4.697183
99.999995, 4.715496
99.999994, 4.733845
99.999994, 4.752230
99.999994, 4.770652
99.999994, 4.789110
99.999994, 4.807604
99.999994, 4.826135
99.999994, 4.844703
99.999994, 4.863306
99.999994, 4.881946
99.999994, 4.900623
99.999994, 4.919336
99.999994, 4.938085
99.999994, 4.956871
99.999994, 4.975693
99.999994, 4.994552
99.999994, 5.013447
99.999994, 5.032378
99.999994, 5.051346
99.999994, 5.070351
99.999994, 5.089392
99.999994, 5.108469
99.999994, 5.127583
99.999994, 5.146733
99.999994, 5.165920
99.999994, 5.185143
99.999994, 5.204403
99.999994, 5.223700
99.999994, 5.243033
99.999994, 5.262402
99.999994, 5.281808
99.999994, 5.301250
99.999994, 5.320729
99.999994, 5.340245
99.999993, 5.359797
99.999993, 5.379386
99.999993, 5.399011
99.999993, 5.418673
99.999993, 5.438371
99.999993, 5.458106
99.999993, 5.477878
99.999993, 5.497686
99.999993, 5.517531
99.999993, 5.537412
99.999993, 5.557330
99.999993, 5.577285
99.999993, 5.597276
99.999993, 5.617304
99.999993, 5.637368
99.999993, 5.657470
99.999993, 5.677608
99.999993, 5.697782
99.999993, 5.717993
99.999993, 5.738241
99.999993, 5.758526
99.999993, 5.778847
99.999993, 5.799205
99.999993, 5.819599
99.999993, 5.840031
99.999993, 5.860499
99.999993, 5.881003
99.999993, 5.901545
99.999993, 5.922123
99.999992, 5.942738
99.999992, 5.963389
99.999992, 5.984078
99.999992, 6.004803
99.999992, 6.025565
99.999992, 6.046364
99.999992, 6.067199
99.999992, 6.088071
99.999992, 6.108981
99.999992, 6.129926
99.999992, 6.150909
99.999992, 6.171929
99.999992, 6.192985
99.999992, 6.214078
99.999992, 6.235208
99.999992, 6.256375
99.999992, 6.277578
99.999992, 6.298819
99.999992, 6.320096
99.999992, 6.341410
99.999992, 6.362761
99.999992, 6.384149
99.999992, 6.405574
99.999992, 6.427036
99.999992, 6.448534
99.999991, 6.470070
99.999991, 6.491642
99.999991, 6.513252
99.999991, 6.534898
99.999991, 6.556581
99.999991, 6.578301
99.999991, 6.600059
99.999991, 6.621853
99.999991, 6.643684
99.999991, 6.665552
99.999991, 6.687457
99.999991, 6.709398
99.999991, 6.731377
99.999991, 6.753393
99.999991, 6.775446
99.999991, 6.797536
99.999991, 6.819663
99.999991, 6.841827
99.999991, 6.864028
99.999991, 6.886266
99.999991, 6.908541
99.999991, 6.930853
99.999990, 6.953202
99.999990, 6.975589
99.999990, 6.998012
99.999990, 7.020472
99.999990, 7.042970
99.999990, 7.065505
99.999990, 7.088076
99.999990, 7.110685
99.999990, 7.133331
99.999990, 7.156014
99.999990, 7.178734
99.999990, 7.201491
99.999990, 7.224286
99.999990, 7.247117
99.999990, 7.269986
99.999990, 7.292892
99.999990, 7.315835
99.999990, 7.338816
99.999990, 7.361833
99.999990, 7.384888
99.999989, 7.407980
99.999989, 7.431109
99.999989, 7.454275
99.999989, 7.477478
99.999989, 7.500719
99.999989, 7.523997
99.999989, 7.547312
99.999989, 7.570665
99.999989, 7.594055
99.999989, 7.617482
99.999989, 7.640946
99.999989, 7.664448
99.999989, 7.687987
99.999989, 7.711563
99.999989, 7.735176
99.999989, 7.758827
99.999989, 7.782515
99.999989, 7.806241
99.999988, 7.830004
99.999988, 7.853804
99.999988, 7.877641
99.999988, 7.901516
99.999988, 7.925428
99.999988, 7.949378
99.999988, 7.973365
99.999988, 7.997390
99.999988, 8.021451
99.999988, 8.045551
99.999988, 8.069687
99.999988, 8.093861
99.999988, 8.118073
99.999988, 8.142322
99.999988, 8.166608
99.999988, 8.190932
99.999988, 8.215293
99.999987, 8.239692
99.999987, 8.264128
99.999987, 8.288602
99.999987, 8.313113
99.999987, 8.337662
99.999987, 8.362248
99.999987, 8.386872
99.999987, 8.411533
99.999987, 8.436232
99.999987, 8.460968
99.999987, 8.485742
99.999987, 8.510554
99.999987, 8.535403
99.999987, 8.560289
99.999987, 8.585214
99.999986, 8.610175
99.999986, 8.635175
99.999986, 8.660212
99.999986, 8.685286
99.999986, 8.710398
99.999986, 8.735548
99.999986, 8.760736
99.999986, 8.785961
99.999986, 8.811224
99.999986, 8.836524
99.999986, 8.861862
99.999986, 8.887238
99.999986, 8.912652
99.999986, 8.938103
99.999985, 8.963592
99.999985, 8.989118
99.999985, 9.014683
99.999985, 9.040285
99.999985, 9.065925
99.999985, 9.091602
99.999985, 9.117318
99.999985, 9.143071
99.999985, 9.168861
99.999985, 9.194690
99.999985, 9.220556
99.999985, 9.246461
99.999985, 9.272403
99.999985, 9.298383
99.999984, 9.324400
99.999984, 9.350456
99.999984, 9.376549
99.999984, 9.402680
99.999984, 9.428849
99.999984, 9.455056
99.999984, 9.481301
99.999984, 9.507583
99.999984, 9.533904
99.999984, 9.560262
99.999984, 9.586659
99.999984, 9.613093
99.999983, 9.639565
99.999983, 9.666075
99.999983, 9.692623
99.999983, 9.719209
99.999983, 9.745833
99.999983, 9.772495
99.999983, 9.799195
99.999983, 9.825933
99.999983, 9.852709
99.999983, 9.879523
99.999983, 9.906375
99.999983, 9.933265
99.999982, 9.960193
99.999982, 9.987159
99.999982, 10.014163
99.999982, 10.041205
99.999982, 10.068285
99.999982, 10.095403
99.999982, 10.122560
99.999982, 10.149754
99.999982, 10.176987
99.999982, 10.204257
99.999982, 10.231566
99.999981, 10.258913
99.999981, 10.286298
99.999981, 10.313721
99.999981, 10.341182
99.999981, 10.368682
99.999981, 10.396219
99.999981, 10.423795
99.999981, 10.451409
99.999981, 10.479061
99.999981, 10.506752
99.999981, 10.534480
99.999980, 10.562247
99.999980, 10.590052
99.999980, 10.617896
99.999980, 10.645777
99.999980, 10.673697
99.999980, 10.701655
99.999980, 10.729652
99.999980, 10.757687
99.999980, 10.785760
99.999980, 10.813871
99.999979, 10.842021
99.999979, 10.870209
99.999979, 10.898435
99.999979, 10.926700
99.999979, 10.955003
99.999979, 10.983344
99.999979, 11.011724
99.999979, 11.040142
99.999979, 11.068598
99.999978, 11.097093
99.999978, 11.125627
99.999978, 11.154198
99.999978, 11.182809
99.999978, 11.211457
99.999978, 11.240144
99.999978, 11.268870
99.999978, 11.297634
99.999978, 11.326437
99.999977, 11.355278
99.999977, 11.384157
99.999977, 11.413075
99.999977, 11.442032
99.999977, 11.471027
99.999977, 11.500060
99.999977, 11.529132
99.999977, 11.558243
99.999977, 11.587392
99.999976, 11.616580
99.999976, 11.645806
99.999976, 11.675072
99.999976, 11.704375
99.999976, 11.733717
99.999976, 11.763098
99.999976, 11.792518
99.999976, 11.821976
99.999975, 11.851473
99.999975, 11.881008
99.999975, 11.910582
99.999975, 11.940195
99.999975, 11.969846
99.999975, 11.999537
99.999975, 12.029266
99.999975, 12.059033
99.999974, 12.088840
99.999974, 12.118685
99.999974, 12.148569
99.999974, 12.178491
99.999974, 12.208453
99.999974, 12.238453
99.999974, 12.268492
99.999974, 12.298570
99.999973, 12.328686
99.999973, 12.358842
99.999973, 12.389036
99.999973, 12.419269
99.999973, 12.449541
99.999973, 12.479852
99.999973, 12.510201
99.999972, 12.540590
99.999972, 12.571017
99.999972, 12.601484
99.999972, 12.631989
99.999972, 12.662533
99.999972, 12.693116
99.999972, 12.723738
99.999972, 12.754399
99.999971, 12.785099
99.999971, 12.815838
99.999971, 12.846616
99.999971, 12.877433
99.999971, 12.908289
99.999971, 12.939184
99.999970, 12.970118
99.999970, 13.001091
99.999970, 13.032103
99.999970, 13.063154
99.999970, 13.094245
99.999970, 13.125374
99.999970, 13.156542
99.999969, 13.187750
99.999969, 13.218996
99.999969, 13.250282
99.999969, 13.281607
99.999969, 13.312971
99.999969, 13.344374
99.999969, 13.375816
99.999968, 13.407298
99.999968, 13.438819
99.999968, 13.470379
99.999968, 13.501978
99.999968, 13.533616
99.999968, 13.565293
99.999967, 13.597010
99.999967, 13.628766
99.999967, 13.660561
99.999967, 13.692396
99.999967, 13.724270
99.999967, 13.756183
99.999966, 13.788135
99.999966, 13.820127
99.999966, 13.852158
99.999966, 13.884228
99.999966, 13.916338
99.999966, 13.948487
99.999965, 13.980676
99.999965, 14.012904
99.999965, 14.045171
99.999965, 14.077477
99.999965, 14.109824
99.999964, 14.142209
99.999964, 14.174634
99.999964, 14.207098
99.999964, 14.239602
99.999964, 14.272145
99.999964, 14.304728
99.999963, 14.337350
99.999963, 14.370012
99.999963, 14.402713
99.999963, 14.435454
99.999963, 14.468234
99.999962, 14.501054
99.999962, 14.533914
99.999962, 14.566813
99.999962, 14.599751
99.999962, 14.632729
99.999962, 14.665747
99.999961, 14.698804
99.999961, 14.731901
99.999961, 14.765038
99.999961, 14.798214
99.999961, 14.831430
99.999960, 14.864686
99.999960, 14.897981
99.999960, 14.931316
99.999960, 14.964691
99.999960, 14.998105
99.999959, 15.031559
99.999959, 15.065053
99.999959, 15.098586
99.999959, 15.132160
99.999959, 15.165773
99.999958, 15.199426
99.999958, 15.233119
99.999958, 15.266851
99.999958, 15.300623
99.999957, 15.334436
99.999957, 15.368287
99.999957, 15.402179
99.999957, 15.436111
99.999957, 15.470083
99.999956, 15.504094
99.999956, 15.538145
99.999956, 15.572237
99.999956, 15.606368
99.999956, 15.640539
99.999955, 15.674750
99.999955, 15.709001
99.999955, 15.743292
99.999955, 15.777623
99.999954, 15.811994
99.999954, 15.846405
99.999954, 15.880856
99.999954, 15.915347
99.999953, 15.949878
99.999953, 15.984450
99.999953, 16.019061
99.999953, 16.053712
99.999953, 16.088403
99.999952, 16.123135
99.999952, 16.157906
99.999952, 16.192718
99.999952, 16.227570
99.999951, 16.262462
99.999951, 16.297394
99.999951, 16.332366
99.999951, 16.367379
99.999950, 16.402432
99.999950, 16.437525
99.999950, 16.472658
99.999950, 16.507831
99.999949, 16.543045
99.999949, 16.578299
99.999949, 16.613593
99.999949, 16.648927
99.999948, 16.684302
99.999948, 16.719717
99.999948, 16.755172
99.999948, 16.790668
99.999947, 16.826204
99.999947, 16.861780
99.999947, 16.897397
99.999946, 16.933054
99.999946, 16.968752
99.999946, 17.004490
99.999946, 17.040268
99.999945, 17.076087
99.999945, 17.111946
99.999945, 17.147846
99.999945, 17.183786
99.999944, 17.219766
99.999944, 17.255788
99.999944, 17.291849
99.999943, 17.327951
99.999943, 17.364094
99.999943, 17.400277
99.999943, 17.436501
99.999942, 17.472765
99.999942, 17.509070
99.999942, 17.545416
99.999941, 17.581802
99.999941, 17.618229
99.999941, 17.654696
99.999941, 17.691204
99.999940, 17.727753
99.999940, 17.764342
99.999940, 17.800972
99.999939, 17.837643
99.999939, 17.874355
99.999939, 17.911107
99.999938, 17.947900
99.999938, 17.984733
99.999938, 18.021608
99.999938, 18.058523
99.999937, 18.095479
99.999937, 18.132476
99.999937, 18.169513
99.999936, 18.206592
99.999936, 18.243711
99.999936, 18.280871
99.999935, 18.318072
99.999935, 18.355314
99.999935, 18.392597
99.999934, 18.429920
99.999934, 18.467285
99.999934, 18.504690
99.999933, 18.542137
99.999933, 18.579624
99.999933, 18.617153
99.999932, 18.654722
99.999932, 18.692332
99.999932, 18.729984
99.999931, 18.767676
99.999931, 18.805410
99.999931, 18.843184
99.999930, 18.881000
99.999930, 18.918856
99.999930, 18.956754
99.999929, 18.994693
99.999929, 19.032673
99.999928, 19.070694
99.999928, 19.108756
99.999928, 19.146859
99.999927, 19.185004
99.999927, 19.223190
99.999927, 19.261416
99.999926, 19.299685
99.999926, 19.337994
99.999926, 19.376345
99.999925, 19.414736
99.999925, 19.453170
99.999924, 19.491644
99.999924, 19.530160
99.999924, 19.568717
99.999923, 19.607315
99.999923, 19.645955
99.999923, 19.684636
99.999922, 19.723358
99.999922, 19.762122
99.999921, 19.800927
99.999921, 19.839773
99.999921, 19.878661
99.999920, 19.917591
99.999920, 19.956562
99.999919, 19.995574
99.999919, 20.034628
99.999919, 20.073723
99.999918, 20.112860
99.999918, 20.152038
99.999917, 20.191258
99.999917, 20.230519
99.999916, 20.269822
99.999916, 20.309166
99.999916, 20.348553
99.999915, 20.387980
99.999915, 20.427449
99.999914, 20.466960
99.999914, 20.506513
99.999913, 20.546107
99.999913, 20.585743
99.999913, 20.625421
99.999912, 20.665140
99.999912, 20.704901
99.999911, 20.744704
99.999911, 20.784548
99.999910, 20.824434
99.999910, 20.864362
99.999910, 20.904332
99.999909, 20.944343
99.999909, 20.984397
99.999908, 21.024492
99.999908, 21.064629
99.999907, 21.104808
99.999907, 21.145029
99.999906, 21.185291
99.999906, 21.225596
99.999905, 21.265942
99.999905, 21.306331
99.999904, 21.346761
99.999904, 21.387233
99.999903, 21.427748
99.999903, 21.468304
99.999902, 21.508902
99.999902, 21.549543
99.999901, 21.590225
99.999901, 21.630949
99.999900, 21.671716
99.999900, 21.712524
99.999899, 21.753375
99.999899, 21.794268
99.999898, 21.835202
99.999898, 21.876179
99.999897, 21.917198
99.999897, 21.958260
99.999896, 21.999363
99.999896, 22.040509
99.999895, 22.081697
99.999895, 22.122927
99.999894, 22.164199
99.999894, 22.205514
99.999893, 22.246871
99.999893, 22.288270
99.999892, 22.329711
99.999892, 22.371195
99.999891, 22.412721
99.999891, 22.454290
99.999890, 22.495900
99.999889, 22.537554
99.999889, 22.579249
99.999888, 22.620987
99.999888, 22.662768
99.999887, 22.704590
99.999887, 22.746456
99.999886, 22.788363
99.999886, 22.830314
99.999885, 22.872306
99.999884, 22.914342
99.999884, 22.956419
99.999883, 22.998540
99.999883, 23.040703
99.999882, 23.082908
99.999881, 23.125156
99.999881, 23.167447
99.999880, 23.209780
99.999880, 23.252156
99.999879, 23.294575
99.999878, 23.337036
99.999878, 23.379540
99.999877, 23.422087
99.999877, 23.464676
99.999876, 23.507308
99.999875, 23.549983
99.999875, 23.592700
99.999874, 23.635461
99.999873, 23.678264
99.999873, 23.721110
99.999872, 23.763999
99.999872, 23.806930
99.999871, 23.849905
99.999870, 23.892922
99.999870, 23.935983
99.999869, 23.979086
99.999868, 24.022232
99.999868, 24.065421
99.999867, 24.108653
99.999866, 24.151928
99.999866, 24.195246
99.999865, 24.238607
99.999864, 24.282011
99.999864, 24.325458
99.999863, 24.368948
99.999862, 24.412481
99.999862, 24.456057
99.999861, 24.499677
99.999860, 24.543339
99.999859, 24.587044
99.999859, 24.630793
99.999858, 24.674585
99.999857, 24.718420
99.999857, 24.762298
99.999856, 24.806220
99.999855, 24.850184
99.999854, 24.894192
99.999854, 24.938244
99.999853, 24.982338
99.999852, 25.026476
99.999852, 25.070657
99.999851, 25.114881
99.999850, 25.159149
99.999849, 25.203460
99.999849, 25.247814
99.999848, 25.292212
99.999847, 25.336654
99.999846, 25.381138
99.999845, 25.425666
99.999845, 25.470238
99.999844, 25.514853
99.999843, 25.559512
99.999842, 25.604214
99.999842, 25.648959
99.999841, 25.693749
99.999840, 25.738581
99.999839, 25.783458
99.999838, 25.828378
99.999838, 25.873341
99.999837, 25.918348
99.999836, 25.963399
99.999835, 26.008493
99.999834, 26.053631
99.999833, 26.098813
99.999833, 26.144039
99.999832, 26.189308
99.999831, 26.234621
99.999830, 26.279978
99.999829, 26.325378
99.999828, 26.370823
99.999828, 26.416311
99.999827, 26.461843
99.999826, 26.507419
99.999825, 26.553038
99.999824, 26.598702
99.999823, 26.644409
99.999822, 26.690161
99.999821, 26.735956
99.999820, 26.781796
99.999820, 26.827679
99.999819, 26.873606
99.999818, 26.919577
99.999817, 26.965593
99.999816, 27.011652
99.999815, 27.057755
99.999814, 27.103903
99.999813, 27.150094
99.999812, 27.196330
99.999811, 27.242610
99.999810, 27.288934
99.999809, 27.335302
99.999808, 27.381714
99.999807, 27.428171
99.999806, 27.474671
99.999806, 27.521216
99.999805, 27.567805
99.999804, 27.614439
99.999803, 27.661117
99.999802, 27.707839
99.999801, 27.754605
99.999800, 27.801416
99.999799, 27.848271
99.999798, 27.895170
99.999797, 27.942114
99.999796, 27.989102
99.999795, 28.036135
99.999793, 28.083212
99.999792, 28.130334
99.999791, 28.177500
99.999790, 28.224710
99.999789, 28.271966
99.999788, 28.319265
99.999787, 28.366609
99.999786, 28.413998
99.999785, 28.461432
99.999784, 28.508910
99.999783, 28.556432
99.999782, 28.603999
99.999781, 28.651611
99.999780, 28.699268
99.999779, 28.746969
99.999777, 28.794715
99.999776, 28.842506
99.999775, 28.890342
99.999774, 28.938222
99.999773, 28.986147
99.999772, 29.034117
99.999771, 29.082132
99.999769, 29.130191
99.999768, 29.178296
99.999767, 29.226445
99.999766, 29.274639
99.999765, 29.322879
99.999764, 29.371163
99.999762, 29.419492
99.999761, 29.467866
99.999760, 29.516285
99.999759, 29.564749
99.999758, 29.613258
99.999756, 29.661813
99.999755, 29.710412
99.999754, 29.759056
99.999753, 29.807746
99.999752, 29.856480
99.999750, 29.905260
99.999749, 29.954085
99.999748, 30.002955
99.999746, 30.051870
99.999745, 30.100831
99.999744, 30.149837
99.999743, 30.198888
99.999741, 30.247984
99.999740, 30.297126
99.999739, 30.346313
99.999737, 30.395545
99.999736, 30.444823
99.999735, 30.494146
99.999733, 30.543514
99.999732, 30.592928
99.999731, 30.642388
99.999729, 30.691892
99.999728, 30.741443
99.999727, 30.791038
99.999725, 30.840680
99.999724, 30.890367
99.999723, 30.940099
99.999721, 30.989877
99.999720, 31.039700
99.999718, 31.089569
99.999717, 31.139484
99.999716, 31.189445
99.999714, 31.239451
99.999713, 31.289503
99.999711, 31.339600
99.999710, 31.389743
99.999708, 31.439932
99.999707, 31.490167
99.999705, 31.540448
99.999704, 31.590774
99.999702, 31.641146
99.999701, 31.691564
99.999699, 31.742028
99.999698, 31.792538
99.999696, 31.843094
99.999695, 31.893695
99.999693, 31.944343
99.999692, 31.995037
99.999690, 32.045776
99.999689, 32.096562
99.999687, 32.147393
99.999686, 32.198271
99.999684, 32.249195
99.999682, 32.300164
99.999681, 32.351180
99.999679, 32.402242
99.999678, 32.453351
99.999676, 32.504505
99.999674, 32.555706
99.999673, 32.606952
99.999671, 32.658245
99.999670, 32.709585
99.999668, 32.760970
99.999666, 32.812402
99.999665, 32.863880
99.999663, 32.915405
99.999661, 32.966976
99.999659, 33.018593
99.999658, 33.070257
99.999656, 33.121967
99.999654, 33.173723
99.999653, 33.225526
99.999651, 33.277376
99.999649, 33.329271
99.999647, 33.381214
99.999646, 33.433203
99.999644, 33.485238
99.999642, 33.537321
99.999640, 33.589449
99.999638, 33.641625
99.999637, 33.693847
99.999635, 33.746116
99.999633, 33.798431
99.999631, 33.850793
99.999629, 33.903202
99.999627, 33.955657
99.999626, 34.008160
99.999624, 34.060709
99.999622, 34.113305
99.999620, 34.165948
99.999618, 34.218637
99.999616, 34.271374
99.999614, 34.324157
99.999612, 34.376988
99.999610, 34.429865
99.999608, 34.482789
99.999606, 34.535761
99.999604, 34.588779
99.999602, 34.641844
99.999600, 34.694957
99.999598, 34.748116
99.999596, 34.801323
99.999594, 34.854576
99.999592, 34.907877
99.999590, 34.961225
99.999588, 35.014620
99.999586, 35.068062
99.999584, 35.121552
99.999582, 35.175089
99.999580, 35.228673
99.999578, 35.282304
99.999576, 35.335983
99.999574, 35.389709
99.999571, 35.443482
99.999569, 35.497303
99.999567, 35.551171
99.999565, 35.605087
99.999563, 35.659050
99.999561, 35.713060
99.999558, 35.767118
99.999556, 35.821224
99.999554, 35.875377
99.999552, 35.929577
99.999549, 35.983825
99.999547, 36.038121
99.999545, 36.092464
99.999543, 36.146855
99.999540, 36.201294
99.999538, 36.255780
99.999536, 36.310314
99.999533, 36.364896
99.999531, 36.419526
99.999529, 36.474203
99.999526, 36.528928
99.999524, 36.583701
99.999522, 36.638522
99.999519, 36.693391
99.999517, 36.748307
99.999514, 36.803272
99.999512, 36.858284
99.999509, 36.913344
99.999507, 36.968453
99.999504, 37.023609
99.999502, 37.078813
99.999500, 37.134066
99.999497, 37.189366
99.999494, 37.244715
99.999492, 37.300112
99.999489, 37.355556
99.999487, 37.411049
99.999484, 37.466591
99.999482, 37.522180
99.999479, 37.577818
99.999476, 37.633504
99.999474, 37.689238
99.999471, 37.745020
99.999469, 37.800851
99.999466, 37.856730
99.999463, 37.912658
99.999461, 37.968634
99.999458, 38.024658
99.999455, 38.080731
99.999452, 38.136852
99.999450, 38.193022
99.999447, 38.249240
99.999444, 38.305507
99.999441, 38.361822
99.999438, 38.418186
99.999436, 38.474599
99.999433, 38.531060
99.999430, 38.587570
99.999427, 38.644128
99.999424, 38.700735
99.999421, 38.757391
99.999418, 38.814096
99.999416, 38.870850
99.999413, 38.927652
99.999410, 38.984503
99.999407, 39.041403
99.999404, 39.098352
99.999401, 39.155349
99.999398, 39.212396
99.999395, 39.269492
99.999392, 39.326636
99.999389, 39.383830
99.999386, 39.441072
99.999383, 39.498364
99.999379, 39.555704
99.999376, 39.613094
99.999373, 39.670533
99.999370, 39.728021
99.999367, 39.785558
99.999364, 39.843144
99.999361, 39.900780
99.999357, 39.958464
99.999354, 40.016198
99.999351, 40.073982
99.999348, 40.131814
99.999344, 40.189696
99.999341, 40.247627
99.999338, 40.305608
99.999334, 40.363638
99.999331, 40.421718
99.999328, 40.479847
99.999324, 40.538025
99.999321, 40.596253
99.999318, 40.654530
99.999314, 40.712857
99.999311, 40.771234
99.999307, 40.829660
99.999304, 40.888136
99.999300, 40.946661
99.999297, 41.005236
99.999293, 41.063861
99.999290, 41.122536
99.999286, 41.181260
99.999283, 41.240034
99.999279, 41.298858
99.999275, 41.357732
99.999272, 41.416656
99.999268, 41.475629
99.999264, 41.534652
99.999261, 41.593726
99.999257, 41.652849
99.999253, 41.712022
99.999250, 41.771245
99.999246, 41.830519
99.999242, 41.889842
99.999238, 41.949215
99.999234, 42.008639
99.999231, 42.068113
99.999227, 42.127636
99.999223, 42.187210
99.999219, 42.246835
99.999215, 42.306509
99.999211, 42.366234
99.999207, 42.426009
99.999203, 42.485834
99.999199, 42.545710
99.999195, 42.605636
99.999191, 42.665612
99.999187, 42.725639
99.999183, 42.785717
99.999179, 42.845844
99.999175, 42.906023
99.999171, 42.966251
99.999166, 43.026531
99.999162, 43.086861
99.999158, 43.147241
99.999154, 43.207672
99.999150, 43.268154
99.999145, 43.328687
99.999141, 43.389270
99.999137, 43.449904
99.999132, 43.510588
99.999128, 43.571324
99.999124, 43.632110
99.999119, 43.692947
99.999115, 43.753835
99.999110, 43.814774
99.999106, 43.875764
99.999101, 43.936805
99.999097, 43.997896
99.999092, 44.059039
99.999088, 44.120233
99.999083, 44.181478
99.999079, 44.242774
99.999074, 44.304121
99.999069, 44.365519
99.999065, 44.426968
99.999060, 44.488469
99.999055, 44.550020
99.999051, 44.611623
99.999046, 44.673278
99.999041, 44.734983
99.999036, 44.796740
99.999031, 44.858548
99.999027, 44.920408
99.999022, 44.982319
99.999017, 45.044281
99.999012, 45.106295
99.999007, 45.168360
99.999002, 45.230477
99.998997, 45.292646
99.998992, 45.354866
99.998987, 45.417137
99.998982, 45.479461
99.998977, 45.541836
99.998972, 45.604262
99.998966, 45.666741
99.998961, 45.729271
99.998956, 45.791852
99.998951, 45.854486
99.998946, 45.917171
99.998940, 45.979909
99.998935, 46.042698
99.998930, 46.105539
99.998924, 46.168432
99.998919, 46.231377
99.998913, 46.294374
99.998908, 46.357423
99.998902, 46.420524
99.998897, 46.483677
99.998891, 46.546882
99.998886, 46.610140
99.998880, 46.673449
99.998875, 46.736811
99.998869, 46.800225
99.998863, 46.863691
99.998858, 46.927209
99.998852, 46.990780
99.998846, 47.054403
99.998840, 47.118079
99.998835, 47.181807
99.998829, 47.245587
99.998823, 47.309420
99.998817, 47.373305
99.998811, 47.437242
99.998805, 47.501233
99.998799, 47.565275
99.998793, 47.629371
99.998787, 47.693519
99.998781, 47.757720
99.998775, 47.821973
99.998769, 47.886279
99.998763, 47.950638
99.998756, 48.015049
99.998750, 48.079514
99.998744, 48.144031
99.998738, 48.208601
99.998731, 48.273224
99.998725, 48.337900
99.998718, 48.402628
99.998712, 48.467410
99.998706, 48.532245
99.998699, 48.597133
99.998693, 48.662074
99.998686, 48.727068
99.998679, 48.792115
99.998673, 48.857215
99.998666, 48.922368
99.998659, 48.987575
99.998653, 49.052835
99.998646, 49.118148
99.998639, 49.183514
99.998632, 49.248934
99.998625, 49.314407
99.998619, 49.379934
99.998612, 49.445514
99.998605, 49.511147
99.998598, 49.576834
99.998591, 49.642574
99.998584, 49.708368
99.998577, 49.774216
99.998569, 49.840117
99.998562, 49.906072
99.998555, 49.972080
99.998548, 50.038142
99.998540, 50.104258
99.998533, 50.170427
99.998526, 50.236651
99.998518, 50.302928
99.998511, 50.369259
99.998504, 50.435644
99.998496, 50.502083
99.998488, 50.568576
99.998481, 50.635122
99.998473, 50.701723
99.998466, 50.768378
99.998458, 50.835087
99.998450, 50.901850
99.998442, 50.968667
99.998435, 51.035538
99.998427, 51.102463
99.998419, 51.169443
99.998411, 51.236477
99.998403, 51.303565
99.998395, 51.370707
99.998387, 51.437904
99.998379, 51.505155
99.998371, 51.572461
99.998363, 51.639821
99.998354, 51.707236
99.998346, 51.774705
99.998338, 51.842228
99.998329, 51.909806
99.998321, 51.977439
99.998313, 52.045126
99.998304, 52.112868
99.998296, 52.180665
99.998287, 52.248517
99.998279, 52.316423
99.998270, 52.384384
99.998261, 52.452400
99.998253, 52.520470
99.998244, 52.588596
99.998235, 52.656776
99.998226, 52.725012
99.998217, 52.793302
99.998208, 52.861648
99.998199, 52.930048
99.998190, 52.998504
99.998181, 53.067014
99.998172, 53.135580
99.998163, 53.204201
99.998154, 53.272877
99.998144, 53.341609
99.998135, 53.410396
99.998126, 53.479238
99.998116, 53.548135
99.998107, 53.617088
99.998097, 53.686096
99.998088, 53.755159
99.998078, 53.824279
99.998069, 53.893453
99.998059, 53.962683
99.998049, 54.031969
99.998040, 54.101310
99.998030, 54.170707
99.998020, 54.240160
99.998010, 54.309668
99.998000, 54.379232
99.997990, 54.448852
99.997980, 54.518528
99.997970, 54.588259
99.997960, 54.658047
99.997949, 54.727890
99.997939, 54.797789
99.997929, 54.867744
99.997918, 54.937755
99.997908, 55.007823
99.997897, 55.077946
99.997887, 55.148125
99.997876, 55.218361
99.997866, 55.288653
99.997855, 55.359001
99.997844, 55.429405
99.997833, 55.499865
99.997822, 55.570382
99.997812, 55.640955
99.997801, 55.711585
99.997790, 55.782271
99.997778, 55.853013
99.997767, 55.923812
99.997756, 55.994667
99.997745, 56.065579
99.997734, 56.136548
99.997722, 56.207573
99.997711, 56.278655
99.997699, 56.349793
99.997688, 56.420989
99.997676, 56.492241
99.997665, 56.563550
99.997653, 56.634915
99.997641, 56.706338
99.997629, 56.777817
99.997617, 56.849353
99.997605, 56.920947
99.997593, 56.992597
99.997581, 57.064304
99.997569, 57.136069
99.997557, 57.207890
99.997545, 57.279769
99.997532, 57.351705
99.997520, 57.423698
99.997508, 57.495749
99.997495, 57.567856
99.997483, 57.640021
99.997470, 57.712244
99.997457, 57.784523
99.997445, 57.856861
99.997432, 57.929255
99.997419, 58.001707
99.997406, 58.074217
99.997393, 58.146784
99.997380, 58.219409
99.997367, 58.292092
99.997353, 58.364832
99.997340, 58.437630
99.997327, 58.510486
99.997313, 58.583399
99.997300, 58.656370
99.997286, 58.729400
99.997273, 58.802487
99.997259, 58.875632
99.997245, 58.948835
99.997232, 59.022096
99.997218, 59.095415
99.997204, 59.168792
99.997190, 59.242227
99.997176, 59.315721
99.997162, 59.389273
99.997147, 59.462882
99.997133, 59.536551
99.997119, 59.610277
99.997104, 59.684062
99.997090, 59.757905
99.997075, 59.831807
99.997060, 59.905767
99.997046, 59.979785
99.997031, 60.053862
99.997016, 60.127998
99.997001, 60.202192
99.996986, 60.276445
99.996971, 60.350757
99.996956, 60.425127
99.996940, 60.499556
99.996925, 60.574044
99.996910, 60.648590
99.996894, 60.723196
99.996879, 60.797860
99.996863, 60.872584
99.996847, 60.947366
99.996831, 61.022208
99.996816, 61.097108
99.996800, 61.172068
99.996783, 61.247086
99.996767, 61.322164
99.996751, 61.397301
99.996735, 61.472497
99.996718, 61.547753
99.996702, 61.623068
99.996686, 61.698442
99.996669, 61.773876
99.996652, 61.849369
99.996635, 61.924922
99.996619, 62.000534
99.996602, 62.076206
99.996585, 62.151937
99.996567, 62.227728
99.996550, 62.303578
99.996533, 62.379489
99.996516, 62.455459
99.996498, 62.531489
99.996481, 62.607578
99.996463, 62.683728
99.996445, 62.759937
99.996427, 62.836207
99.996409, 62.912536
99.996391, 62.988926
99.996373, 63.065375
99.996355, 63.141885
99.996337, 63.218455
99.996318, 63.295085
99.996300, 63.371775
99.996281, 63.448525
99.996263, 63.525336
99.996244, 63.602207
99.996225, 63.679139
99.996206, 63.756130
99.996187, 63.833183
99.996168, 63.910296
99.996149, 63.987469
99.996130, 64.064703
99.996110, 64.141998
99.996091, 64.219353
99.996071, 64.296769
99.996051, 64.374246
99.996032, 64.451783
99.996012, 64.529382
99.995992, 64.607041
99.995972, 64.684761
99.995951, 64.762542
99.995931, 64.840384
99.995911, 64.918287
99.995890, 64.996252
99.995870, 65.074277
99.995849, 65.152364
99.995828, 65.230511
99.995807, 65.308720
99.995786, 65.386990
99.995765, 65.465322
99.995744, 65.543715
99.995723, 65.622169
99.995701, 65.700685
99.995680, 65.779262
99.995658, 65.857901
99.995636, 65.936601
99.995614, 66.015363
99.995592, 66.094187
99.995570, 66.173072
99.995548, 66.252019
99.995526, 66.331028
99.995503, 66.410098
99.995481, 66.489231
99.995458, 66.568425
99.995435, 66.647682
99.995412, 66.727000
99.995389, 66.806380
99.995366, 66.885823
99.995343, 66.965327
99.995320, 67.044894
99.995296, 67.124523
99.995273, 67.204214
99.995249, 67.283968
99.995225, 67.363783
99.995201, 67.443662
99.995177, 67.523602
99.995153, 67.603605
99.995129, 67.683671
99.995104, 67.763799
99.995080, 67.843990
99.995055, 67.924243
99.995030, 68.004559
99.995005, 68.084938
99.994980, 68.165379
99.994955, 68.245883
99.994930, 68.326450
99.994904, 68.407081
99.994879, 68.487773
99.994853, 68.568529
99.994827, 68.649348
99.994801, 68.730230
99.994775, 68.811176
99.994749, 68.892184
99.994723, 68.973256
99.994696, 69.054390
99.994670, 69.135588
99.994643, 69.216850
99.994616, 69.298175
99.994589, 69.379563
99.994562, 69.461014
99.994535, 69.542530
99.994507, 69.624108
99.994480, 69.705751
99.994452, 69.787457
99.994424, 69.869226
99.994396, 69.951060
99.994368, 70.032957
99.994340, 70.114918
99.994312, 70.196943
99.994283, 70.279032
99.994254, 70.361184
99.994226, 70.443401
99.994197, 70.525682
99.994168, 70.608027
99.994138, 70.690436
99.994109, 70.772909
99.994079, 70.855447
99.994050, 70.938048
99.994020, 71.020714
99.993990, 71.103445
99.993960, 71.186240
99.993929, 71.269099
99.993899, 71.352023
99.993868, 71.435011
99.993838, 71.518064
99.993807, 71.601182
99.993776, 71.684364
99.993745, 71.767612
99.993713, 71.850923
99.993682, 71.934300
99.993650, 72.017742
99.993618, 72.101248
99.993586, 72.184820
99.993554, 72.268456
99.993522, 72.352158
99.993489, 72.435924
99.993457, 72.519756
99.993424, 72.603653
99.993391, 72.687616
99.993358, 72.771643
99.993324, 72.855736
99.993291, 72.939895
99.993257, 73.024118
99.993223, 73.108408
99.993189, 73.192763
99.993155, 73.277183
99.993121, 73.361669
99.993087, 73.446221
99.993052, 73.530838
99.993017, 73.615522
99.992982, 73.700271
99.992947, 73.785086
99.992911, 73.869966
99.992876, 73.954913
99.992840, 74.039926
99.992804, 74.125005
99.992768, 74.210150
99.992732, 74.295361
99.992696, 74.380639
99.992659, 74.465983
99.992622, 74.551393
99.992585, 74.636869
99.992548, 74.722412
99.992511, 74.808021
99.992473, 74.893697
99.992435, 74.979439
99.992397, 75.065248
99.992359, 75.151123
99.992321, 75.237066
99.992282, 75.323075
99.992244, 75.409150
99.992205, 75.495293
99.992166, 75.581503
99.992127, 75.667779
99.992087, 75.754123
99.992047, 75.840533
99.992008, 75.927011
99.991967, 76.013556
99.991927, 76.100168
99.991887, 76.186847
99.991846, 76.273594
99.991805, 76.360407
99.991764, 76.447289
99.991723, 76.534238
99.991681, 76.621254
99.991640, 76.708338
99.991598, 76.795489
99.991556, 76.882708
99.991513, 76.969995
99.991471, 77.057350
99.991428, 77.144772
99.991385, 77.232262
99.991342, 77.319820
99.991298, 77.407446
99.991255, 77.495140
99.991211, 77.582903
99.991167, 77.670733
99.991122, 77.758631
99.991078, 77.846598
99.991033, 77.934633
99.990988, 78.022736
99.990943, 78.110908
99.990898, 78.199148
99.990852, 78.287456
99.990806, 78.375834
99.990760, 78.464279
99.990714, 78.552793
99.990667, 78.641376
99.990620, 78.730028
99.990573, 78.818749
99.990526, 78.907538
99.990479, 78.996396
99.990431, 79.085323
99.990383, 79.174320
99.990335, 79.263385
99.990286, 79.352519
99.990238, 79.441723
99.990189, 79.530996
99.990139, 79.620338
99.990090, 79.709749
99.990040, 79.799230
99.989990, 79.888780
99.989940, 79.978399
99.989890, 80.068088
99.989839, 80.157847
99.989788, 80.247676
99.989737, 80.337574
99.989685, 80.427542
99.989634, 80.517579
99.989582, 80.607687
99.989530, 80.697864
99.989477, 80.788111
99.989424, 80.878429
99.989371, 80.968816
99.989318, 81.059274
99.989264, 81.149802
99.989211, 81.240400
99.989157, 81.331068
99.989102, 81.421807
99.989048, 81.512616
99.988993, 81.603496
99.988937, 81.694446
99.988882, 81.785466
99.988826, 81.876558
99.988770, 81.967719
99.988714, 82.058952
99.988657, 82.150256
99.988600, 82.241630
99.988543, 82.333075
99.988486, 82.424591
99.988428, 82.516179
99.988370, 82.607837
99.988312, 82.699566
99.988253, 82.791367
99.988194, 82.883239
99.988135, 82.975182
99.988076, 83.067196
99.988016, 83.159282
99.987956, 83.251440
99.987895, 83.343669
99.987835, 83.435969
99.987774, 83.528341
99.987712, 83.620785
99.987651, 83.713301
99.987589, 83.805888
99.987527, 83.898547
99.987464, 83.991278
99.987401, 84.084082
99.987338, 84.176957
99.987275, 84.269904
99.987211, 84.362924
99.987147, 84.456015
99.987082, 84.549179
99.987018, 84.642415
99.986952, 84.735724
99.986887, 84.829105
99.986821, 84.922559
99.986755, 85.016085
99.986689, 85.109684
99.986622, 85.203355
99.986555, 85.297099
99.986488, 85.390916
99.986420, 85.484806
99.986352, 85.578769
99.986283, 85.672805
99.986215, 85.766913
99.986146, 85.861095
99.986076, 85.955350
99.986006, 86.049679
99.985936, 86.144080
99.985866, 86.238555
99.985795, 86.333103
99.985724, 86.427725
99.985652, 86.522420
99.985580, 86.617189
99.985508, 86.712031
99.985435, 86.806947
99.985362, 86.901937
99.985289, 86.997000
99.985215, 87.092138
99.985141, 87.187349
99.985066, 87.282635
99.984991, 87.377994
99.984916, 87.473428
99.984841, 87.568936
99.984765, 87.664518
99.984688, 87.760174
99.984611, 87.855904
99.984534, 87.951710
99.984457, 88.047589
99.984379, 88.143543
99.984300, 88.239572
99.984222, 88.335675
99.984143, 88.431853
99.984063, 88.528106
99.983983, 88.624434
99.983903, 88.720836
99.983822, 88.817314
99.983741, 88.913867
99.983660, 89.010494
99.983578, 89.107197
99.983495, 89.203975
99.983413, 89.300829
99.983329, 89.397758
99.983246, 89.494762
99.983162, 89.591842
99.983078, 89.688997
99.982993, 89.786228
99.982907, 89.883534
99.982822, 89.980916
99.982736, 90.078374
99.982649, 90.175908
99.982562, 90.273518
99.982475, 90.371204
99.982387, 90.468965
99.982298, 90.566803
99.982210, 90.664717
99.982121, 90.762708
99.982031, 90.860774
99.981941, 90.958918
99.981850, 91.057137
99.981759, 91.155433
99.981668, 91.253805
99.981576, 91.352255
99.981484, 91.450780
99.981391, 91.549383
99.981297, 91.648063
99.981204, 91.746819
99.981109, 91.845652
99.981015, 91.944562
99.980920, 92.043550
99.980824, 92.142614
99.980728, 92.241756
99.980631, 92.340975
99.980534, 92.440272
99.980436, 92.539645
99.980338, 92.639097
99.980240, 92.738626
99.980141, 92.838232
99.980041, 92.937916
99.979941, 93.037678
99.979841, 93.137518
99.979740, 93.237435
99.979638, 93.337431
99.979536, 93.437505
99.979433, 93.537656
99.979330, 93.637886
99.979227, 93.738194
99.979122, 93.838580
99.979018, 93.939045
99.978913, 94.039588
99.978807, 94.140210
99.978701, 94.240910
99.978594, 94.341689
99.978486, 94.442546
99.978379, 94.543482
99.978270, 94.644497
99.978161, 94.745591
99.978052, 94.846764
99.977942, 94.948016
99.977831, 95.049347
99.977720, 95.150758
99.977608, 95.252247
99.977496, 95.353816
99.977383, 95.455464
99.977270, 95.557192
99.977156, 95.658999
99.977041, 95.760886
99.976926, 95.862852
99.976811, 95.964898
99.976694, 96.067024
99.976578, 96.169230
99.976460, 96.271516
99.976342, 96.373882
99.976224, 96.476328
99.976104, 96.578854
99.975985, 96.681460
99.975864, 96.784147
99.975743, 96.886914
99.975622, 96.989761
99.975499, 97.092689
99.975377, 97.195697
99.975253, 97.298787
99.975129, 97.401956
99.975004, 97.505207
99.974879, 97.608539
99.974753, 97.711951
99.974627, 97.815445
99.974499, 97.919019
99.974372, 98.022675
99.974243, 98.126412
99.974114, 98.230230
99.973984, 98.334130
99.973854, 98.438111
99.973723, 98.542174
99.973591, 98.646318
99.973459, 98.750544
99.973325, 98.854851
99.973192, 98.959241
99.973057, 99.063712
99.972922, 99.168266
99.972787, 99.272901
99.972650, 99.377618
99.972513, 99.482418
99.972375, 99.587300
99.972237, 99.692264
99.972098, 99.797311
99.971958, 99.902440
99.971817, 100.007652
99.971676, 100.112946
99.971534, 100.218323
99.971391, 100.323783
99.971248, 100.429325
99.971104, 100.534951
99.970959, 100.640660
99.970813, 100.746451
99.970667, 100.852326
99.970520, 100.958284
99.970372, 101.064326
99.970223, 101.170451
99.970074, 101.276659
99.969924, 101.382951
99.969773, 101.489326
99.969622, 101.595785
99.969470, 101.702328
99.969317, 101.808955
99.969163, 101.915665
99.969008, 102.022460
99.968853, 102.129339
99.968697, 102.236302
99.968540, 102.343349
99.968382, 102.450480
99.968224, 102.557696
99.968064, 102.664996
99.967904, 102.772381
99.967743, 102.879851
99.967582, 102.987405
99.967419, 103.095044
99.967256, 103.202768
99.967092, 103.310576
99.966927, 103.418470
99.966761, 103.526449
99.966594, 103.634513
99.966427, 103.742662
99.966258, 103.850897
99.966089, 103.959217
99.965919, 104.067623
99.965748, 104.176114
99.965577, 104.284691
99.965404, 104.393353
99.965231, 104.502101
99.965056, 104.610936
99.964881, 104.719856
99.964705, 104.828862
99.964528, 104.937954
99.964350, 105.047133
99.964172, 105.156398
99.963992, 105.265749
99.963812, 105.375187
99.963630, 105.484711
99.963448, 105.594322
99.963265, 105.704020
99.963081, 105.813804
99.962895, 105.923676
99.962709, 106.033634
99.962523, 106.143679
99.962335, 106.253811
99.962146, 106.364031
99.961956, 106.474338
99.961765, 106.584732
99.961574, 106.695214
99.961381, 106.805783
99.961188, 106.916440
99.960993, 107.027185
99.960797, 107.138017
99.960601, 107.248937
99.960403, 107.359945
99.960205, 107.471041
99.960005, 107.582226
99.959805, 107.693498
99.959603, 107.804859
99.959401, 107.916308
99.959197, 108.027846
99.958993, 108.139472
99.958787, 108.251187
99.958581, 108.362990
99.958373, 108.474883
99.958164, 108.586864
99.957955, 108.698934
99.957744, 108.811093
99.957532, 108.923342
99.957319, 109.035680
99.957105, 109.148106
99.956890, 109.260623
99.956674, 109.373229
99.956457, 109.485924
99.956239, 109.598709
99.956019, 109.711584
99.955799, 109.824549
99.955577, 109.937603
99.955355, 110.050748
99.955131, 110.163983
99.954906, 110.277307
99.954680, 110.390723
99.954453, 110.504228
99.954225, 110.617824
99.953995, 110.731511
99.953764, 110.845288
99.953533, 110.959156
99.953300, 111.073114
99.953066, 111.187164
99.952830, 111.301305
99.952594, 111.415536
99.952356, 111.529859
99.952118, 111.644273
99.951878, 111.758779
99.951636, 111.873375
99.951394, 111.988064
99.951150, 112.102844
99.950905, 112.217716
99.950659, 112.332679
99.950412, 112.447734
99.950163, 112.562882
99.949914, 112.678121
99.949663, 112.793453
99.949410, 112.908877
99.949157, 113.024393
99.948902, 113.140002
99.948646, 113.255703
99.948388, 113.371497
99.948130, 113.487383
99.947870, 113.603363
99.947608, 113.719435
99.947346, 113.835600
99.947082, 113.951858
99.946816, 114.068210
99.946550, 114.184655
99.946282, 114.301193
99.946013, 114.417825
99.945742, 114.534550
99.945470, 114.651369
99.945197, 114.768281
99.944922, 114.885287
99.944646, 115.002388
99.944369, 115.119582
99.944090, 115.236871
99.943810, 115.354253
99.943528, 115.471730
99.943245, 115.589302
99.942960, 115.706968
99.942674, 115.824728
99.942387, 115.942584
99.942098, 116.060534
99.941808, 116.178578
99.941516, 116.296718
99.941223, 116.414953
99.940929, 116.533284
99.940633, 116.651709
99.940335, 116.770230
99.940036, 116.888846
99.939735, 117.007558
99.939433, 117.126365
99.939130, 117.245269
99.938825, 117.364268
99.938518, 117.483363
99.938210, 117.602554
99.937900, 117.721842
99.937589, 117.841225
99.937276, 117.960705
99.936962, 118.080281
99.936646, 118.199954
99.936328, 118.319724
99.936009, 118.439590
99.935688, 118.559554
99.935366, 118.679614
99.935042, 118.799771
99.934716, 118.920025
99.934389, 119.040377
99.934060, 119.160826
99.933730, 119.281372
99.933398, 119.402016
99.933064, 119.522758
99.932728, 119.643598
99.932391, 119.764535
99.932052, 119.885570
99.931712, 120.006703
99.931370, 120.127935
99.931026, 120.249265
99.930680, 120.370693
99.930333, 120.492219
99.929983, 120.613845
99.929632, 120.735569
99.929280, 120.857391
99.928925, 120.979313
99.928569, 121.101333
99.928211, 121.223453
99.927851, 121.345672
99.927490, 121.467990
99.927126, 121.590408
99.926761, 121.712925
99.926394, 121.835542
99.926025, 121.958258
99.925654, 122.081075
99.925282, 122.203991
99.924907, 122.327007
99.924531, 122.450124
99.924153, 122.573340
99.923772, 122.696657
99.923390, 122.820075
99.923006, 122.943593
99.922621, 123.067212
99.922233, 123.190932
99.921843, 123.314752
99.921451, 123.438674
99.921058, 123.562696
99.920662, 123.686820
99.920264, 123.811045
99.919865, 123.935372
99.919463, 124.059800
99.919059, 124.184330
99.918654, 124.308962
99.918246, 124.433695
99.917836, 124.558531
99.917425, 124.683468
99.917011, 124.808508
99.916595, 124.933650
99.916177, 125.058895
99.915757, 125.184242
99.915335, 125.309691
99.914910, 125.435244
99.914484, 125.560899
99.914055, 125.686658
99.913625, 125.812519
99.913192, 125.938484
99.912757, 126.064552
99.912319, 126.190723
99.911880, 126.316998
99.911438, 126.443377
99.910994, 126.569859
99.910548, 126.696445
99.910100, 126.823135
99.909650, 126.949930
99.909197, 127.076828
99.908742, 127.203831
99.908284, 127.330939
99.907825, 127.458151
99.907363, 127.585467
99.906899, 127.712889
99.906432, 127.840415
99.905963, 127.968046
99.905492, 128.095783
99.905018, 128.223624
99.904542, 128.351572
99.904064, 128.479624
99.903583, 128.607782
99.903100, 128.736046
99.902614, 128.864416
99.902126, 128.992892
99.901636, 129.121473
99.901143, 129.250161
99.900648, 129.378956
99.900150, 129.507856
99.899649, 129.636864
99.899146, 129.765978
99.898641, 129.895198
99.898133, 130.024526
99.897623, 130.153961
99.897110, 130.283502
99.896594, 130.413151
99.896076, 130.542908
99.895555, 130.672772
99.895032, 130.802743
99.894506, 130.932822
99.893977, 131.063010
99.893446, 131.193305
99.892912, 131.323708
99.892375, 131.454219
99.891836, 131.584839
99.891294, 131.715567
99.890749, 131.846404
99.890202, 131.977350
99.889651, 132.108404
99.889098, 132.239567
99.888543, 132.370840
99.887984, 132.502222
99.887423, 132.633713
99.886859, 132.765313
99.886292, 132.897023
99.885722, 133.028843
99.885149, 133.160772
99.884574, 133.292812
99.883995, 133.424961
99.883414, 133.557221
99.882830, 133.689591
99.882243, 133.822072
99.881653, 133.954663
99.881060, 134.087364
99.880464, 134.220177
99.879865, 134.353101
99.879263, 134.486135
99.878658, 134.619281
99.878050, 134.752539
99.877439, 134.885907
99.876825, 135.019388
99.876207, 135.152980
99.875587, 135.286684
99.874964, 135.420500
99.874337, 135.554428
99.873708, 135.688468
99.873075, 135.822620
99.872439, 135.956886
99.871800, 136.091263
99.871157, 136.225754
99.870512, 136.360357
99.869863, 136.495074
99.869211, 136.629903
99.868556, 136.764846
99.867897, 136.899902
99.867235, 137.035072
99.866570, 137.170356
99.865901, 137.305753
99.865230, 137.441264
99.864554, 137.576890
99.863876, 137.712629
99.863194, 137.848483
99.862508, 137.984452
99.861819, 138.120535
99.861127, 138.256733
99.860431, 138.393045
99.859732, 138.529473
99.859029, 138.666016
99.858323, 138.802674
99.857613, 138.939448
99.856900, 139.076337
99.856183, 139.213342
99.855462, 139.350462
99.854738, 139.487699
99.854010, 139.625052
99.853279, 139.762521
99.852544, 139.900106
99.851805, 140.037808
99.851062, 140.175627
99.850316, 140.313562
99.849566, 140.451614
99.848813, 140.589784
99.848055, 140.728070
99.847294, 140.866474
99.846529, 141.004996
99.845760, 141.143635
99.844987, 141.282392
99.844211, 141.421267
99.843430, 141.560260
99.842646, 141.699371
99.841858, 141.838600
99.841065, 141.977948
99.840269, 142.117415
99.839469, 142.257000
99.838665, 142.396704
99.837856, 142.536527
99.837044, 142.676470
99.836228, 142.816532
99.835407, 142.956713
99.834583, 143.097014
99.833754, 143.237435
99.832921, 143.377976
99.832084, 143.518636
99.831243, 143.659417
99.830398, 143.800319
99.829548, 143.941340
99.828694, 144.082483
99.827836, 144.223746
99.826974, 144.365130
99.826107, 144.506636
99.825236, 144.648262
99.824360, 144.790010
99.823480, 144.931880
99.822596, 145.073871
99.821708, 145.215984
99.820814, 145.358219
99.819917, 145.500576
99.819015, 145.643055
99.818108, 145.785657
99.817197, 145.928382
99.816281, 146.071229
99.815361, 146.214199
99.814436, 146.357292
99.813507, 146.500508
99.812572, 146.643848
99.811634, 146.787311
99.810690, 146.930898
99.809742, 147.074608
99.808789, 147.218443
99.807831, 147.362402
99.806869, 147.506484
99.805901, 147.650692
99.804929, 147.795024
99.803952, 147.939480
99.802970, 148.084062
99.801983, 148.228768
99.800991, 148.373600
99.799994, 148.518557
99.798993, 148.663640
99.797986, 148.808848
99.796974, 148.954182
99.795957, 149.099642
99.794935, 149.245228
99.793908, 149.390941
99.792876, 149.536780
99.791838, 149.682745
99.790796, 149.828838
99.789748, 149.975057
99.788695, 150.121403
99.787637, 150.267877
99.786573, 150.414478
99.785504, 150.561206
99.784430, 150.708063
99.783350, 150.855047
99.782265, 151.002159
99.781175, 151.149399
99.780079, 151.296768
99.778977, 151.444266
99.777870, 151.591892
99.776758, 151.739647
99.775640, 151.887531
99.774516, 152.035544
99.773387, 152.183687
99.772252, 152.331959
99.771112, 152.480361
99.769965, 152.628892
99.768813, 152.777554
99.767656, 152.926346
99.766492, 153.075268
99.765323, 153.224321
99.764147, 153.373505
99.762966, 153.522819
99.761779, 153.672264
99.760586, 153.821841
99.759387, 153.971549
99.758182, 154.121389
99.756971, 154.271360
99.755754, 154.421463
99.754531, 154.571698
99.753302, 154.722066
99.752067, 154.872565
99.750825, 155.023198
99.749578, 155.173963
99.748324, 155.324861
99.747063, 155.475892
99.745797, 155.627057
99.744524, 155.778354
99.743245, 155.929786
99.741959, 156.081351
99.740667, 156.233050
99.739368, 156.384883
99.738063, 156.536851
99.736752, 156.688953
99.735434, 156.841190
99.734109, 156.993561
99.732778, 157.146068
99.731440, 157.298710
99.730095, 157.451487
99.728743, 157.604400
99.727385, 157.757448
99.726020, 157.910632
99.724649, 158.063953
99.723270, 158.217409
99.721884, 158.371003
99.720492, 158.524732
99.719092, 158.678599
99.717686, 158.832602
99.716273, 158.986743
99.714852, 159.141021
99.713424, 159.295437
99.711990, 159.449990
99.710548, 159.604681
99.709099, 159.759511
99.707642, 159.914478
99.706179, 160.069584
99.704708, 160.224829
99.703229, 160.380212
99.701744, 160.535735
99.700250, 160.691396
99.698750, 160.847197
99.697242, 161.003138
99.695726, 161.159219
99.694203, 161.315439
99.692672, 161.471799
99.691133, 161.628300
99.689587, 161.784941
99.688033, 161.941724
99.686472, 162.098646
99.684902, 162.255710
99.683325, 162.412916
99.681740, 162.570262
99.680147, 162.727751
99.678545, 162.885381
99.676936, 163.043153
99.675319, 163.201068
99.673694, 163.359125
99.672061, 163.517324
99.670419, 163.675667
99.668769, 163.834152
99.667111, 163.992781
99.665445, 164.151553
99.663771, 164.310469
99.662088, 164.469528
99.660396, 164.628731
99.658697, 164.788079
99.656988, 164.947571
99.655272, 165.107208
99.653546, 165.266989
99.651812, 165.426915
99.650069, 165.586987
99.648318, 165.747204
99.646558, 165.907567
99.644789, 166.068075
99.643011, 166.228729
99.641225, 166.389530
99.639429, 166.550477
99.637624, 166.711570
99.635811, 166.872810
99.633988, 167.034198
99.632156, 167.195732
99.630316, 167.357414
99.628466, 167.519244
99.626606, 167.681221
99.624738, 167.843347
99.622860, 168.005620
99.620972, 168.168043
99.619076, 168.330613
99.617169, 168.493333
99.615254, 168.656202
99.613328, 168.819220
99.611393, 168.982387
99.609449, 169.145705
99.607495, 169.309172
99.605531, 169.472789
99.603557, 169.636557
99.601573, 169.800475
99.599579, 169.964544
99.597576, 170.128763
99.595562, 170.293135
99.593539, 170.457657
99.591505, 170.622331
99.589461, 170.787157
99.587407, 170.952135
99.585342, 171.117265
99.583268, 171.282548
99.581183, 171.447984
99.579087, 171.613572
99.576981, 171.779313
99.574865, 171.945208
99.572738, 172.111257
99.570600, 172.277459
99.568452, 172.443815
99.566293, 172.610326
99.564123, 172.776991
99.561943, 172.943810
99.559751, 173.110785
99.557549, 173.277914
99.555335, 173.445199
99.553111, 173.612640
99.550875, 173.780236
99.548629, 173.947989
99.546371, 174.115897
99.544102, 174.283962
99.541821, 174.452184
99.539529, 174.620563
99.537226, 174.789099
99.534911, 174.957792
99.532584, 175.126643
99.530246, 175.295652
99.527897, 175.464818
99.525535, 175.634143
99.523162, 175.803627
99.520777, 175.973269
99.518380, 176.143071
99.515971, 176.313031
99.513550, 176.483152
99.511117, 176.653431
99.508672, 176.823871
99.506215, 176.994471
99.503745, 177.165231
99.501263, 177.336152
99.498769, 177.507234
99.496262, 177.678477
99.493743, 177.849881
99.491211, 178.021447
99.488667, 178.193175
99.486110, 178.365065
99.483540, 178.537117
99.480957, 178.709331
99.478362, 178.881709
99.475753, 179.054249
99.473132, 179.226953
99.470497, 179.399820
99.467849, 179.572851
99.465188, 179.746046
99.462514, 179.919405
99.459827, 180.092929
99.457126, 180.266618
99.454411, 180.440471
99.451683, 180.614490
99.448942, 180.788674
99.446186, 180.963024
99.443417, 181.137540
99.440635, 181.312222
99.437838, 181.487071
99.435027, 181.662086
99.432203, 181.837268
99.429364, 182.012618
99.426511, 182.188135
99.423644, 182.363820
99.420763, 182.539673
99.417867, 182.715694
99.414957, 182.891883
99.412032, 183.068242
99.409093, 183.244769
99.406139, 183.421466
99.403171, 183.598332
99.400187, 183.775368
99.397189, 183.952574
99.394176, 184.129950
99.391148, 184.307497
99.388104, 184.485215
99.385046, 184.663104
99.381972, 184.841164
99.378883, 185.019396
99.375779, 185.197799
99.372659, 185.376375
99.369523, 185.555124
99.366372, 185.734045
99.363206, 185.913138
99.360023, 186.092406
99.356825, 186.271846
99.353610, 186.451460
99.350380, 186.631249
99.347134, 186.811212
99.343871, 186.991349
99.340592, 187.171661
99.337297, 187.352148
99.333985, 187.532810
99.330657, 187.713649
99.327313, 187.894663
99.323951, 188.075853
99.320573, 188.257220
99.317178, 188.438763
99.313767, 188.620484
99.310338, 188.802382
99.306892, 188.984457
99.303429, 189.166710
99.299949, 189.349142
99.296451, 189.531752
99.292936, 189.714540
99.289404, 189.897508
99.285854, 190.080655
99.282286, 190.263981
99.278701, 190.447487
99.275097, 190.631173
99.271476, 190.815040
99.267837, 190.999087
99.264179, 191.183316
99.260504, 191.367725
99.256810, 191.552316
99.253098, 191.737089
99.249367, 191.922045
99.245618, 192.107182
99.241850, 192.292502
99.238063, 192.478006
99.234257, 192.663692
99.230433, 192.849562
99.226589, 193.035616
99.222727, 193.221854
99.218845, 193.408277
99.214944, 193.594884
99.211023, 193.781677
99.207083, 193.968655
99.203123, 194.155818
99.199144, 194.343168
99.195145, 194.530704
99.191126, 194.718426
99.187087, 194.906335
99.183028, 195.094431
99.178948, 195.282715
99.174849, 195.471187
99.170729, 195.659846
99.166588, 195.848694
99.162427, 196.037731
99.158246, 196.226957
99.154043, 196.416372
99.149820, 196.605977
99.145575, 196.795771
99.141310, 196.985756
99.137023, 197.175932
99.132715, 197.366298
99.128386, 197.556855
99.124035, 197.747604
99.119662, 197.938545
99.115268, 198.129678
99.110852, 198.321003
99.106414, 198.512521
99.101953, 198.704232
99.097471, 198.896137
99.092967, 199.088235
99.088440, 199.280527
99.083890, 199.473014
99.079318, 199.665695
99.074723, 199.858572
99.070106, 200.051643
99.065465, 200.244911
99.060802, 200.438374
99.056115, 200.632034
99.051405, 200.825890
99.046672, 201.019943
99.041915, 201.214193
99.037134, 201.408642
99.032330, 201.603288
99.027502, 201.798132
99.022650, 201.993175
99.017774, 202.188417
99.012873, 202.383858
99.007949, 202.579499
99.003000, 202.775340
98.998026, 202.971381
98.993028, 203.167622
98.988004, 203.364065
98.982956, 203.560709
98.977883, 203.757555
98.972785, 203.954603
98.967661, 204.151853
98.962512, 204.349305
98.957337, 204.546961
98.952137, 204.744820
98.946911, 204.942883
98.941659, 205.141150
98.936381, 205.339621
98.931077, 205.538297
98.925746, 205.737179
98.920389, 205.936265
98.915006, 206.135558
98.909595, 206.335056
98.904158, 206.534762
98.898694, 206.734674
98.893203, 206.934793
98.887685, 207.135120
98.882139, 207.335655
98.876566, 207.536399
98.870965, 207.737351
98.865336, 207.938512
98.859680, 208.139882
98.853995, 208.341462
98.848282, 208.543253
98.842541, 208.745253
98.836772, 208.947465
98.830974, 209.149888
98.825147, 209.352523
98.819291, 209.555369
98.813407, 209.758428
98.807493, 209.961700
98.801550, 210.165184
98.795577, 210.368882
98.789575, 210.572794
98.783543, 210.776921
98.777481, 210.981261
98.771390, 211.185817
98.765268, 211.390588
98.759115, 211.595575
98.752933, 211.800778
98.746719, 212.006198
98.740475, 212.211834
98.734200, 212.417688
98.727894, 212.623759
98.721557, 212.830048
98.715188, 213.036556
98.708788, 213.243282
98.702356, 213.450228
98.695892, 213.657393
98.689397, 213.864779
98.682869, 214.072384
98.676309, 214.280211
98.669716, 214.488259
98.663091, 214.696528
98.656433, 214.905019
98.649742, 215.113732
98.643018, 215.322669
98.636261, 215.531828
98.629471, 215.741211
98.622646, 215.950818
98.615788, 216.160650
98.608897, 216.370706
98.601971, 216.580987
98.595011, 216.791494
98.588016, 217.002227
98.580987, 217.213186
98.573923, 217.424372
98.566824, 217.635786
98.559690, 217.847427
98.552521, 218.059296
98.545317, 218.271394
98.538076, 218.483720
98.530800, 218.696276
98.523489, 218.909062
98.516141, 219.122078
98.508756, 219.335324
98.501336, 219.548801
98.493878, 219.762510
98.486384, 219.976451
98.478853, 220.190624
98.471284, 220.405030
98.463679, 220.619668
98.456035, 220.834541
98.448354, 221.049647
98.440635, 221.264988
98.432878, 221.480564
98.425083, 221.696375
98.417249, 221.912422
98.409377, 222.128705
98.401465, 222.345225
98.393515, 222.561982
98.385526, 222.778976
98.377497, 222.996208
98.369428, 223.213679
98.361320, 223.431389
98.353171, 223.649338
98.344983, 223.867526
98.336754, 224.085955
98.328485, 224.304625
98.320174, 224.523536
98.311823, 224.742688
98.303431, 224.962082
98.294997, 225.181719
98.286522, 225.401599
98.278005, 225.621722
98.269446, 225.842089
98.260845, 226.062700
98.252201, 226.283556
98.243515, 226.504658
98.234786, 226.726005
98.226014, 226.947598
98.217199, 227.169438
98.208341, 227.391525
98.199439, 227.613860
98.190493, 227.836443
98.181503, 228.059274
98.172468, 228.282355
98.163390, 228.505685
98.154266, 228.729265
98.145098, 228.953095
98.135885, 229.177177
98.126626, 229.401510
98.117322, 229.626095
98.107972, 229.850932
98.098576, 230.076022
98.089133, 230.301366
98.079645, 230.526963
98.070109, 230.752815
98.060527, 230.978922
98.050898, 231.205284
98.041221, 231.431903
98.031497, 231.658777
98.021725, 231.885908
98.011905, 232.113297
98.002037, 232.340944
97.992120, 232.568849
97.982154, 232.797013
97.972140, 233.025437
97.962076, 233.254120
97.951963, 233.483064
97.941801, 233.712269
97.931588, 233.941735
97.921325, 234.171463
97.911012, 234.401454
97.900648, 234.631708
97.890234, 234.862225
97.879768, 235.093006
97.869251, 235.324053
97.858682, 235.555364
97.848061, 235.786941
97.837389, 236.018784
97.826664, 236.250893
97.815886, 236.483270
97.805056, 236.715915
97.794172, 236.948828
97.783235, 237.182010
97.772245, 237.415462
97.761200, 237.649183
97.750102, 237.883175
97.738949, 238.117438
97.727741, 238.351972
97.716478, 238.586779
97.705161, 238.821858
97.693788, 239.057211
97.682359, 239.292837
97.670874, 239.528738
97.659333, 239.764914
97.647735, 240.001365
97.636081, 240.238092
97.624370, 240.475096
97.612601, 240.712377
97.600775, 240.949936
97.588890, 241.187773
97.576948, 241.425888
97.564947, 241.664284
97.552888, 241.902959
97.540770, 242.141915
97.528592, 242.381152
97.516355, 242.620671
97.504058, 242.860472
97.491700, 243.100556
97.479283, 243.340924
97.466805, 243.581575
97.454265, 243.822512
97.441665, 244.063733
97.429003, 244.305241
97.416279, 244.547035
97.403493, 244.789116
97.390645, 245.031484
97.377733, 245.274141
97.364759, 245.517087
97.351722, 245.760322
97.338620, 246.003848
97.325455, 246.247664
97.312226, 246.491771
97.298932, 246.736170
97.285573, 246.980862
97.272149, 247.225847
97.258660, 247.471126
97.245105, 247.716699
97.231484, 247.962567
97.217796, 248.208731
97.204042, 248.455191
97.190220, 248.701948
97.176332, 248.949002
97.162375, 249.196354
97.148351, 249.444006
97.134258, 249.691957
97.120097, 249.940207
97.105867, 250.188759
97.091567, 250.437612
97.077198, 250.686767
97.062759, 250.936224
97.048250, 251.185985
97.033670, 251.436050
97.019019, 251.686420
97.004297, 251.937094
96.989503, 252.188075
96.974637, 252.439362
96.959699, 252.690957
96.944689, 252.942859
96.929605, 253.195070
96.914449, 253.447590
96.899218, 253.700421
96.883914, 253.953561
96.868535, 254.207014
96.853082, 254.460778
96.837553, 254.714854
96.821949, 254.969245
96.806270, 255.223949
96.790514, 255.478968
96.774682, 255.734302
96.758773, 255.989952
96.742787, 256.245919
96.726723, 256.502204
96.710582, 256.758807
96.694362, 257.015729
96.678063, 257.272970
96.661686, 257.530532
96.645229, 257.788415
96.628693, 258.046619
96.612076, 258.305146
96.595379, 258.563996
96.578601, 258.823170
96.561742, 259.082669
96.544801, 259.342493
96.527778, 259.602643
96.510673, 259.863120
96.493485, 260.123925
96.476213, 260.385058
96.458859, 260.646520
96.441420, 260.908311
96.423897, 261.170433
96.406290, 261.432887
96.388597, 261.695672
96.370819, 261.958790
96.352955, 262.222242
96.335004, 262.486028
96.316967, 262.750149
96.298843, 263.014606
96.280631, 263.279399
96.262332, 263.544530
96.243944, 263.809999
96.225467, 264.075807
96.206902, 264.341954
96.188246, 264.608442
96.169501, 264.875271
96.150665, 265.142442
96.131739, 265.409956
96.112721, 265.677813
96.093612, 265.946015
96.074411, 266.214562
96.055117, 266.483455
96.035730, 266.752695
96.016250, 267.022282
95.996676, 267.292218
95.977008, 267.562503
95.957246, 267.833137
95.937388, 268.104123
95.917435, 268.375461
95.897385, 268.647151
95.877240, 268.919194
95.856997, 269.191591
95.836658, 269.464343
95.816220, 269.737452
95.795685, 270.010916
95.775050, 270.284739
95.754317, 270.558919
95.733484, 270.833459
95.712552, 271.108359
95.691518, 271.383619
95.670384, 271.659242
95.649149, 271.935226
95.627811, 272.211575
95.606372, 272.488288
95.584829, 272.765366
95.563184, 273.042810
95.541435, 273.320620
95.519581, 273.598799
95.497623, 273.877347
95.475560, 274.156264
95.453391, 274.435551
95.431116, 274.715210
95.408734, 274.995241
95.386246, 275.275646
95.363650, 275.556424
95.340946, 275.837577
95.318133, 276.119107
95.295211, 276.401013
95.272180, 276.683296
95.249039, 276.965959
95.225787, 277.249001
95.202425, 277.532423
95.178951, 277.816227
95.155365, 278.100413
95.131666, 278.384982
95.107854, 278.669936
95.083929, 278.955275
95.059890, 279.241000
95.035736, 279.527112
95.011467, 279.813612
94.987082, 280.100501
94.962582, 280.387780
94.937965, 280.675450
94.913230, 280.963512
94.888378, 281.251966
94.863408, 281.540815
94.838319, 281.830058
94.813110, 282.119697
94.787782, 282.409733
94.762334, 282.700167
94.736764, 282.990999
94.711073, 283.282231
94.685261, 283.573864
94.659325, 283.865899
94.633267, 284.158337
94.607085, 284.451178
94.580779, 284.744424
94.554348, 285.038077
94.527791, 285.332136
94.501109, 285.626602
94.474301, 285.921478
94.447365, 286.216764
94.420302, 286.512461
94.393111, 286.808570
94.365791, 287.105092
94.338342, 287.402029
94.310764, 287.699380
94.283054, 287.997148
94.255214, 288.295334
94.227243, 288.593937
94.199139, 288.892961
94.170902, 289.192405
94.142532, 289.492271
94.114029, 289.792559
94.085390, 290.093272
94.056617, 290.394409
94.027708, 290.695973
93.998663, 290.997963
93.969481, 291.300382
93.940161, 291.603231
93.910704, 291.906510
93.881107, 292.210221
93.851372, 292.514365
93.821496, 292.818942
93.791480, 293.123955
93.761323, 293.429404
93.731024, 293.735290
93.700583, 294.041615
93.669999, 294.348380
93.639271, 294.655585
93.608399, 294.963233
93.577382, 295.271324
93.546219, 295.579859
93.514911, 295.888839
93.483455, 296.198267
93.451852, 296.508142
93.420102, 296.818467
93.388202, 297.129242
93.356153, 297.440468
93.323954, 297.752148
93.291605, 298.064281
93.259104, 298.376869
93.226451, 298.689914
93.193646, 299.003417
93.160688, 299.317379
93.127575, 299.631800
93.094308, 299.946683
93.060886, 300.262029
93.027307, 300.577839
92.993573, 300.894114
92.959681, 301.210855
92.925630, 301.528064
92.891422, 301.845742
92.857054, 302.163890
92.822526, 302.482510
92.787837, 302.801603
92.752988, 303.121170
92.717976, 303.441213
92.682801, 303.761732
92.647463, 304.082729
92.611961, 304.404206
92.576294, 304.726164
92.540461, 305.048604
92.504462, 305.371527
92.468297, 305.694935
92.431963, 306.018829
92.395461, 306.343210
92.358791, 306.668081
92.321950, 306.993442
92.284939, 307.319294
92.247757, 307.645639
92.210403, 307.972479
92.172876, 308.299815
92.135176, 308.627647
92.097301, 308.955979
92.059252, 309.284810
92.021027, 309.614143
91.982626, 309.943978
91.944048, 310.274318
91.905292, 310.605164
91.866357, 310.936517
91.827243, 311.268378
91.787950, 311.600749
91.748475, 311.933632
91.708819, 312.267028
91.668980, 312.600938
91.628959, 312.935365
91.588753, 313.270309
91.548363, 313.605771
91.507788, 313.941754
91.467026, 314.278260
91.426078, 314.615288
91.384942, 314.952842
91.343617, 315.290922
91.302104, 315.629530
91.260400, 315.968668
91.218506, 316.308336
91.176420, 316.648538
91.134141, 316.989274
91.091670, 317.330546
91.049004, 317.672355
91.006144, 318.014703
90.963089, 318.357591
90.919837, 318.701022
90.876387, 319.044997
90.832740, 319.389517
90.788895, 319.734584
90.744849, 320.080200
90.700604, 320.426366
90.656157, 320.773084
90.611508, 321.120355
90.566656, 321.468182
90.521601, 321.816566
90.476342, 322.165508
90.430877, 322.515010
90.385206, 322.865075
90.339328, 323.215703
90.293242, 323.566897
90.246948, 323.918657
90.200444, 324.270987
90.153730, 324.623887
90.106805, 324.977359
90.059668, 325.331405
90.012319, 325.686027
89.964755, 326.041227
89.916977, 326.397006
89.868984, 326.753365
89.820775, 327.110308
89.772348, 327.467836
89.723704, 327.825949
89.674841, 328.184652
89.625758, 328.543944
89.576455, 328.903828
89.526930, 329.264306
89.477183, 329.625379
89.427213, 329.987050
89.377019, 330.349321
89.326600, 330.712192
89.275956, 331.075667
89.225084, 331.439746
89.173986, 331.804433
89.122659, 332.169728
89.071102, 332.535634
89.019315, 332.902152
88.967298, 333.269285
88.915048, 333.637035
88.862566, 334.005403
88.809849, 334.374392
88.756898, 334.744003
88.703712, 335.114238
88.650289, 335.485100
88.596628, 335.856590
88.542730, 336.228710
88.488592, 336.601463
88.434214, 336.974851
88.379595, 337.348875
88.324734, 337.723537
88.269630, 338.098841
88.214282, 338.474787
88.158690, 338.851377
88.102852, 339.228615
88.046767, 339.606501
87.990435, 339.985039
87.933854, 340.364230
87.877025, 340.744076
87.819944, 341.124580
87.762613, 341.505744
87.705029, 341.887569
87.647192, 342.270059
87.589101, 342.653214
87.530755, 343.037038
87.472153, 343.421533
87.413294, 343.806701
87.354178, 344.192543
87.294802, 344.579063
87.235167, 344.966263
87.175271, 345.354145
87.115113, 345.742710
87.054692, 346.131963
86.994008, 346.521904
86.933059, 346.912536
86.871845, 347.303861
86.810364, 347.695882
86.748616, 348.088602
86.686599, 348.482021
86.624313, 348.876144
86.561756, 349.270972
86.498928, 349.666508
86.435828, 350.062753
86.372454, 350.459711
86.308806, 350.857384
86.244882, 351.255775
86.180682, 351.654885
86.116205, 352.054718
86.051450, 352.455275
85.986415, 352.856560
85.921100, 353.258575
85.855504, 353.661322
85.789625, 354.064804
85.723463, 354.469023
85.657017, 354.873982
85.590286, 355.279685
85.523268, 355.686132
85.455963, 356.093327
85.388370, 356.501273
85.320488, 356.909972
85.252315, 357.319427
85.183851, 357.729640
85.115095, 358.140614
85.046045, 358.552352
84.976702, 358.964857
84.907062, 359.378131
84.837127, 359.792177
84.766894, 0.206998
84.696363, 0.622596
84.625532, 1.038975
84.554401, 1.456136
84.482968, 1.874084
84.411233, 2.292821
84.339195, 2.712349
84.266852, 3.132672
84.194203, 3.553792
84.121248, 3.975713
84.047986, 4.398437
83.974414, 4.821967
83.900534, 5.246306
83.826342, 5.671457
83.751839, 6.097423
83.677023, 6.524208
83.601893, 6.951813
83.526449, 7.380242
83.450688, 7.809499
83.374611, 8.239586
83.298216, 8.670506
83.221502, 9.102262
83.144468, 9.534858
83.067114, 9.968296
82.989437, 10.402581
82.911437, 10.837714
82.833112, 11.273699
82.754463, 11.710540
82.675488, 12.148240
82.596185, 12.586801
82.516554, 13.026227
82.436594, 13.466522
82.356303, 13.907688
82.275681, 14.349729
82.194727, 14.792649
82.113439, 15.236450
82.031817, 15.681137
81.949859, 16.126711
81.867564, 16.573178
81.784932, 17.020540
81.701961, 17.468801
81.618651, 17.917964
81.534999, 18.368033
81.451006, 18.819011
81.366670, 19.270901
81.281990, 19.723709
81.196966, 20.177436
81.111595, 20.632086
81.025877, 21.087664
80.939811, 21.544173
80.853396, 22.001616
80.766631, 22.459998
80.679515, 22.919321
80.592046, 23.379590
80.504225, 23.840808
80.416049, 24.302979
80.327517, 24.766108
80.238629, 25.230197
80.149384, 25.695251
80.059781, 26.161273
79.969817, 26.628268
79.879494, 27.096239
79.788808, 27.565190
79.697761, 28.035126
79.606349, 28.506050
79.514573, 28.977966
79.422431, 29.450878
79.329923, 29.924791
79.237046, 30.399708
79.143801, 30.875634
79.050186, 31.352573
78.956201, 31.830528
78.861843, 32.309505
78.767112, 32.789506
78.672008, 33.270538
78.576529, 33.752603
78.480673, 34.235706
78.384441, 34.719852
78.287831, 35.205045
78.190842, 35.691289
78.093472, 36.178588
77.995722, 36.666948
77.897590, 37.156372
77.799074, 37.646865
77.700175, 38.138431
77.600890, 38.631076
77.501220, 39.124804
77.401162, 39.619618
77.300716, 40.115525
77.199881, 40.612529
77.098656, 41.110633
76.997040, 41.609844
76.895032, 42.110166
76.792631, 42.611603
76.689836, 43.114161
76.586646, 43.617844
76.483060, 44.122657
76.379077, 44.628606
76.274696, 45.135694
76.169916, 45.643928
76.064736, 46.153312
75.959155, 46.663851
75.853172, 47.175550
75.746787, 47.688415
75.639997, 48.202450
75.532803, 48.717662
75.425203, 49.234054
75.317197, 49.751632
75.208783, 50.270402
75.099960, 50.790369
74.990728, 51.311538
74.881086, 51.833915
74.771032, 52.357505
74.660566, 52.882313
74.549686, 53.408346
74.438393, 53.935608
74.326684, 54.464106
74.214559, 54.993845
74.102018, 55.524830
73.989058, 56.057067
73.875680, 56.590563
73.761882, 57.125323
73.647663, 57.661352
73.533023, 58.198657
73.417961, 58.737243
73.302475, 59.277117
73.186565, 59.818284
73.070230, 60.360751
72.953470, 60.904524
72.836282, 61.449608
72.718667, 61.996010
72.600623, 62.543736
72.482150, 63.092793
72.363247, 63.643186
72.243912, 64.194923
72.124146, 64.748009
72.003946, 65.302451
71.883314, 65.858255
71.762246, 66.415428
71.640744, 66.973977
71.518805, 67.533908
71.396429, 68.095227
71.273616, 68.657943
71.150364, 69.222060
71.026673, 69.787587
70.902541, 70.354530
70.777969, 70.922896
70.652954, 71.492692
70.527498, 72.063925
70.401598, 72.636602
70.275254, 73.210730
70.148465, 73.786317
70.021230, 74.363369
69.893549, 74.941895
69.765422, 75.521901
69.636846, 76.103395
69.507821, 76.686384
69.378348, 77.270875
69.248424, 77.856877
69.118050, 78.444398
68.987224, 79.033444
68.855946, 79.624023
68.724215, 80.216144
68.592030, 80.809814
68.459392, 81.405041
68.326298, 82.001833
68.192749, 82.600198
68.058744, 83.200145
67.924281, 83.801681
67.789361, 84.404815
67.653983, 85.009556
67.518146, 85.615910
67.381850, 86.223888
67.245094, 86.833497
67.107877, 87.444747
66.970198, 88.057645
66.832058, 88.672200
66.693455, 89.288422
66.554389, 89.906319
66.414859, 90.525900
66.274866, 91.147174
66.134407, 91.770151
65.993483, 92.394838
65.852093, 93.021246
65.710237, 93.649385
65.567914, 94.279262
65.425123, 94.910888
65.281864, 95.544273
65.138137, 96.179425
64.993941, 96.816355
64.849276, 97.455073
64.704140, 98.095587
64.558534, 98.737909
64.412457, 99.382048
64.265909, 100.028015
64.118889, 100.675819
63.971397, 101.325470
63.823432, 101.976980
63.674994, 102.630359
63.526083, 103.285617
63.376697, 103.942765
63.226838, 104.601813
63.076504, 105.262773
62.925695, 105.925655
62.774410, 106.590470
62.622650, 107.257230
62.470414, 107.925945
62.317702, 108.596627
62.164512, 109.269288
62.010846, 109.943939
61.856703, 110.620590
61.702081, 111.299255
61.546982, 111.979945
61.391405, 112.662672
61.235350, 113.347448
61.078815, 114.034284
60.921802, 114.723194
60.764310, 115.414190
60.606338, 116.107283
60.447887, 116.802487
60.288956, 117.499814
60.129546, 118.199278
59.969655, 118.900890
59.809283, 119.604664
59.648432, 120.310614
59.487100, 121.018751
59.325287, 121.729091
59.162993, 122.441646
59.000218, 123.156430
58.836963, 123.873456
58.673226, 124.592740
58.509008, 125.314294
58.344309, 126.038132
58.179129, 126.764270
58.013467, 127.492722
57.847324, 128.223501
57.680699, 128.956623
57.513593, 129.692103
57.346006, 130.429956
57.177938, 131.170196
57.009388, 131.912839
56.840357, 132.657901
56.670845, 133.405397
56.500851, 134.155343
56.330377, 134.907754
56.159421, 135.662647
55.987985, 136.420038
55.816068, 137.179943
55.643671, 137.942379
55.470793, 138.707362
55.297435, 139.474910
55.123597, 140.245038
54.949278, 141.017766
54.774481, 141.793109
54.599203, 142.571085
54.423447, 143.351713
54.247211, 144.135009
54.070496, 144.920993
53.893303, 145.709682
53.715632, 146.501094
53.537483, 147.295249
53.358856, 148.092165
53.179752, 148.891862
53.000171, 149.694357
52.820113, 150.499672
52.639579, 151.307825
52.458569, 152.118837
52.277084, 152.932726
52.095123, 153.749515
51.912688, 154.569222
51.729778, 155.391870
51.546395, 156.217478
51.362538, 157.046068
51.178209, 157.877660
50.993407, 158.712278
50.808133, 159.549943
50.622387, 160.390676
50.436171, 161.234500
50.249485, 162.081437
50.062328, 162.931511
49.874703, 163.784744
49.686609, 164.641160
49.498047, 165.500783
49.309018, 166.363635
49.119521, 167.229742
48.929559, 168.099127
48.739132, 168.971815
48.548239, 169.847832
48.356883, 170.727202
48.165063, 171.609951
47.972781, 172.496104
47.780037, 173.385688
47.586831, 174.278730
47.393165, 175.175255
47.199040, 176.075291
47.004456, 176.978866
46.809414, 177.886006
46.613915, 178.796740
46.417959, 179.711096
46.221548, 180.629103
46.024683, 181.550790
45.827364, 182.476186
45.629592, 183.405321
45.431368, 184.338225
45.232693, 185.274927
45.033569, 186.215460
44.833995, 187.159855
44.633973, 188.108142
44.433505, 189.060353
44.232590, 190.016522
44.031231, 190.976681
43.829427, 191.940862
43.627181, 192.909100
43.424493, 193.881428
43.221364, 194.857881
43.017796, 195.838494
42.813789, 196.823302
42.609345, 197.812341
42.404465, 198.805647
42.199150, 199.803256
41.993401, 200.805206
41.787220, 201.811534
41.580607, 202.822279
41.373564, 203.837479
41.166092, 204.857174
40.958193, 205.881402
40.749867, 206.910205
40.541117, 207.943622
40.331942, 208.981695
40.122346, 210.024467
39.912328, 211.071979
39.701891, 212.124274
39.491035, 213.181396
39.279763, 214.243389
39.068075, 215.310298
38.855973, 216.382169
38.643459, 217.459046
38.430533, 218.540978
38.217198, 219.628010
38.003454, 220.720192
37.789304, 221.817572
37.574749, 222.920200
37.359791, 224.028124
37.144430, 225.141397
36.928669, 226.260070
36.712509, 227.384195
36.495952, 228.513825
36.278999, 229.649014
36.061652, 230.789816
35.843913, 231.936288
35.625783, 233.088485
35.407264, 234.246464
35.188358, 235.410284
34.969066, 236.580003
34.749390, 237.755681
34.529333, 238.937379
34.308895, 240.125158
34.088078, 241.319081
33.866884, 242.519211
33.645316, 243.725613
33.423375, 244.938353
33.201062, 246.157496
32.978379, 247.383111
32.755330, 248.615267
32.531914, 249.854032
32.308135, 251.099479
32.083994, 252.351679
31.859492, 253.610705
31.634633, 254.876632
31.409418, 256.149535
31.183849, 257.429492
30.957927, 258.716580
30.731656, 260.010880
30.505037, 261.312472
30.278071, 262.621438
30.050762, 263.937861
29.823111, 265.261828
29.595119, 266.593424
29.366791, 267.932738
29.138126, 269.279859
28.909129, 270.634878
28.679799, 271.997888
28.450141, 273.368983
28.220156, 274.748260
27.989846, 276.135817
27.759213, 277.531752
27.528260, 278.936167
27.296988, 280.349165
27.065401, 281.770853
26.833500, 283.201335
26.601287, 284.640723
26.368766, 286.089127
26.135937, 287.546659
25.902805, 289.013436
25.669369, 290.489575
25.435634, 291.975196
25.201602, 293.470420
24.967274, 294.975374
24.732654, 296.490182
24.497743, 298.014976
24.262544, 299.549886
24.027059, 301.095049
23.791292, 302.650600
23.555244, 304.216680
23.318917, 305.793433
23.082315, 307.381004
22.845439, 308.979542
22.608293, 310.589199
22.370878, 312.210131
22.133198, 313.842496
21.895254, 315.486456
21.657050, 317.142176
21.418587, 318.809826
21.179869, 320.489578
20.940898, 322.181609
20.701676, 323.886098
20.462207, 325.603231
20.222492, 327.333195
19.982535, 329.076183
19.742338, 330.832392
19.501904, 332.602025
19.261235, 334.385286
19.020334, 336.182388
18.779204, 337.993545
18.537848, 339.818980
18.296267, 341.658918
18.054465, 343.513592
17.812445, 345.383238
17.570209, 347.268100
17.327761, 349.168426
17.085102, 351.084473
16.842235, 353.016501
16.599164, 354.964779
16.355891, 356.929583
16.112419, 358.911194
15.868751, 0.909901
15.624889, 2.926002
15.380837, 4.959802
15.136596, 7.011612
14.892171, 9.081755
14.647564, 11.170561
14.402777, 13.278368
14.157814, 15.405524
13.912678, 17.552388
13.667371, 19.719327
13.421896, 21.906720
13.176256, 24.114956
12.930455, 26.344434
12.684494, 28.595568
12.438378, 30.868782
12.192108, 33.164511
11.945688, 35.483206
11.699121, 37.825331
11.452409, 40.191362
11.205556, 42.581792
10.958565, 44.997129
10.711438, 47.437897
10.464179, 49.904636
10.216790, 52.397904
9.969275, 54.918278
9.721637, 57.466351
9.473878, 60.042739
9.226002, 62.648078
8.978011, 65.283025
8.729909, 67.948259
8.481698, 70.644485
8.233383, 73.372430
7.984965, 76.132849
7.736447, 78.926524
7.487834, 81.754265
7.239128, 84.616912
6.990331, 87.515336
6.741447, 90.450443
6.492480, 93.423172
6.243431, 96.434498
5.994305, 99.485438
5.745105, 102.577045
5.495832, 105.710418
5.246491, 108.886699
4.997085, 112.107080
4.747616, 115.372801
4.498088, 118.685155
4.248504, 122.045493
3.998867, 125.455225
3.749180, 128.915824
3.499446, 132.428828
3.249668, 135.995849
2.999850, 139.618572
2.749994, 143.298764
2.500104, 147.038277
2.250183, 150.839052
2.000233, 154.703129
1.750259, 158.632653
1.500263, 162.629876
1.250247, 166.697170
1.000217, 170.837037
0.750173, 175.052110
0.500121, 179.345172
0.250062, 183.719161
0.000000, 188.177187
##END=
